0.9184117439265201
0.1311279427284842
0.7643547164145388
0.3045611886482178
0.6639921470562655
0.0072954718734736
0.4959585545447653
0.3779194332645285
0.9198112281180706
0.0822386157905844
0.1396829781698703
0.1056443711706888
0.1296348062283164
0.2877819645513477
0.9762755497175712
0.5508192415301283
0.1610700367488119
0.1958053199634043
0.0772104916796593
0.4673801308364065
0.5986079358533901
0.7570819615051251
0.7509332970880040
0.6629968370487320
0.9897344690925884
0.6583975128778760
0.6192225474056888
0.1260234973764501
0.3031866381233981
0.7848681059078247
0.7931755574975696
0.4825808914930880
0.1457077862973376
0.1217879162934099
0.8657651339614798
0.1859730428551276
0.3655820081943753
0.3689787280588613
0.3091110812949771
0.6444010001506133
0.3666942556994994
0.9298771640988315
0.7862412063152009
0.0116073432259777
0.3981358846555998
0.7455842178594412
0.2420982200029078
0.5508423291066399
0.6852925189239041
0.4712253012144240
0.8248917297606824
0.7842117609116033
0.3464309158223022
0.4057503408589407
0.6678473346164009
0.8338406017916382
0.2284433507343143
0.4646283379373592
0.5182318448865931
0.4041559014325767
0.9203447564632704
0.0698425827719741
0.1097988383938153
0.8843139948704484
0.0947531333455438
0.6924380874599313
0.8245879250669551
0.5023482734450103
0.0810236428438853
0.9552673897890116
0.9968898205903413
0.8596500027482823
0.6888743280437766
0.6147640968470649
0.8218476546110907
0.4132641095780724
0.8772434428498618
0.9992111346937771
0.3136827163479322
0.7531564645725101
0.5826477384163319
0.5746737511975020
0.7834506383220591
0.2245273890009353
0.9399336344671159
0.8159740325151801
0.3320912937975972
0.8811502925282655
0.6530818781348118
0.2298464775429906
0.5411332523648470
0.3332660446851889
0.2487923120355328
0.7619347132875277
0.6322337120248535
0.0851863198299738
0.5593402482768340
0.3312834336771829
0.3292430582021743
0.3520992611466944
0.9189180533106793
0.2354741452624054
0.4821952767838896
0.3977857300962149
0.5568090086208459
0.0647894698002606
0.3393622168677252
0.7818921372198606
0.9532325538570630
0.2965538949840023
0.5160188002732971
0.1768791741611105
0.1718765204204391
0.7077362053850998
0.1968656243414232
0.9438862352108317
0.6463576954463207
0.9718412221397954
0.8495261480221237
0.5552680674239509
0.7530810107060083
0.8760003780109143
0.1480185400417765
0.3515838556454469
0.9333835342738767
0.3227001973794047
0.6380312578088633
0.7650914951976100
0.7272017661736027
0.7779074287768524
0.6802859290130280
0.3795353454243495
0.1881472786155998
0.2122874434423432
0.3255243475596842
0.6544589135308353
0.3961541654910030
0.1912487057586573
0.4035445555233796
0.2305341014646559
0.4703787218219542
0.6575412584886676
0.0951871584947785
0.3010038871123620
0.2889250270530735
0.8695357018603223
0.9451662373279205
0.1076466979741049
0.8711316750645207
0.7157046091937779
0.6604411747163769
0.5092604965452219
0.0735616549734682
0.3739426883896869
0.8340694671867693
0.7701502007100945
0.5250769954927372
0.3071620980896320
0.0972422435479235
0.5794711381155555
0.1791857773808876
0.9164553873447857
0.9040843094618847
0.9707228564047033
0.2937175666847160
0.8751908359623076
0.5417935044769243
0.5627475567997631
0.0824732165510017
0.8637015569719699
0.6566185549955118
0.8783224038513164
0.2346102693107021
0.4281644340398505
0.0104447216266835
0.0167661345913619
0.6232411077322320
0.2630178137360502
0.0351231873707391
0.4536715877968091
0.7821818543784542
0.2829038523634311
0.6599353165557134
0.5979450130282520
0.0244695408391066
0.8202370175693244
0.1532404396798666
0.6553914505323859
0.9868778039882973
0.3817088849764475
0.4064890783296645
0.5739865749606582
0.4490949729007567
0.9765482661691985
0.9756772478910044
0.9700861800278132
0.9360409030451220
0.2347595537369462
0.2086459940868057
0.5942125711061631
0.3674147977124028
0.6266572953804921
0.3903882449447155
0.1178714182687260
0.4553026883108185
0.1184584144865276
0.4890976322425744
0.4501992456611407
0.8748091217214318
0.1835627630674784
0.6292400799693789
0.8326037380930266
0.7631413336845271
0.2446298405632138
0.5114335376885175
0.8626809628452751
0.5038551758375676
0.5750503118495067
0.9212244519839424
0.6397214422732747
0.2479735602364415
0.6112768022889529
0.0526941153708114
0.5928415084191796
0.1433421984175189
0.0366572707907402
0.4612640709460955
0.0042447176287791
0.9125278800753976
0.4946011886279533
0.5850461408017139
0.1801548460772843
0.4321846670238758
0.2870214985395816
0.6659636374098732
0.7889168823817089
0.9910268808362527
0.4125955335003919
0.9639358834503208
0.8282256010168837
0.4599438214606101
0.0031667762439387
0.1619595607722633
0.7954986026396598
0.9791733218212607
0.3152942075441753
0.3770495014764390
0.6488932662771808
0.1611607237668743
0.7924584811172782
0.2667701152469341
0.4280024558948506
0.5921097949851949
0.3899520792618932
0.2919987431939720
0.2904748005255637
0.5971551443831952
0.1917663698354243
0.8607322107107694
0.2639235215733172
0.3705467089602048
0.8655700096664728
0.5789923879227032
0.0281116044133501
0.7487873764658716
0.0855808588519587
0.6537584617708896
0.8557610202513172
0.6795886743591761
0.2178525801091770
0.8996098419346503
0.7082187104794538
0.1503282183805464
0.9667125921757218
0.6631121958313017
0.6316651586147463
0.9210955733896847
0.6555722041144902
0.9037833356008922
0.2899956788713836
0.2477788267084891
0.8784901196238198
0.3670981262050838
0.9300886579838741
0.4579082444981547
0.5983872930427887
0.0109956324032282
0.9143692247038016
0.1445754530766704
0.0004316138355684
0.0518544418890525
0.6785106788979418
0.8724710681269069
0.3580836080394095
0.6322988733453517
0.8146964515743865
0.2978120352373524
0.7139769307365729
0.6056511368865020
0.3362407496608364
0.4799354456247550
0.6487851836304085
0.2861805866518827
0.8275452677513017
0.7342363867948793
0.6605552624527357
0.7810566612477887
0.2787613297149979
0.2363036979223759
0.8980542991232328
0.5612977175230915
0.5632409310649528
0.4905583226459558
0.6680431011629459
0.2046236141430871
0.3386292901474638
0.6815393563925570
0.8443886477679261
0.4695353692056263
0.6770914082878489
0.7360952593558526
0.8261455763540413
0.4726757521346978
0.8347311628073957
0.3771100843358154
0.9206305323176778
0.7136809925775538
0.4700661942978966
0.0748543107103601
0.9608599312899495
0.5191079381783910
0.7276245960427516
0.8663485879745438
0.5258712328931794
0.3740765127710087
0.0766880468260465
0.5195871343511766
0.6439693852624803
0.7528501013019288
0.6499949002787170
0.6696956532623509
0.3342569215711967
0.5998452827698995
0.5057811840580229
0.5957118162162159
0.8549132151377226
0.6652808616573822
0.2507390581915359
0.5813462258968369
0.1353419081347988
0.4691356178043331
0.9944970531983067
0.7209703865150023
0.6270438594356763
0.9320672421826836
0.6272109605479287
0.2825132817992712
0.6195117191339881
0.2313469583054589
0.2112412520634066
0.0707249994559616
0.3666661565747656
0.6423416792165864
0.0173781471085939
0.0599753371587688
0.6291311556402185
0.2988518345949247
0.3302336757569342
0.2181547708272951
0.0209615262530849
0.6161543883086216
0.7886451979331944
0.7992539450485685
0.1356309205455608
0.0577729652344433
0.4579005128870692
0.5235315719659056
0.8255608769961748
0.7644567420088491
0.1603981719308003
0.3014930264276878
0.6409228568847420
0.7767757229647675
0.6156581822765771
0.1176023074584743
0.0325738418001722
0.2043021865797588
0.3628596698688140
0.0850735924171839
0.8858030923278279
0.8659328754844410
0.9074178955555803
0.2968998902300320
0.5042797778460562
0.5836523978242685
0.2321504651562328
0.4530947505011771
0.9170921782013706
0.7217993384868554
0.5139254237246168
0.4055533780713931
0.0636641858082363
0.6044833342036364
0.8905969563930414
0.9799468218862702
0.2337702638269683
0.7852738840629317
0.9520505260748291
0.8832415947017889
0.8114135468855183
0.9930143778666287
0.4764790002019662
0.4665610814918507
0.3584596442604551
0.1092776366196462
0.4709452619932267
0.8328082283603734
0.5911190991006636
0.8111944956984024
0.1121856487506429
0.8165988245538748
0.0407793081960691
0.5611333357297349
0.3199838302134345
0.5894719045679355
0.8322548647683606
0.4046330131867485
0.5260483830961220
0.6223200035527851
0.0577347548028968
0.5620923594338575
0.6978059560071407
0.1285126186963204
0.5691106892757920
0.4024406541361971
0.4657843687750348
0.8697303416763416
0.6244756221570155
0.1316667636239514
0.2868617571927493
0.4129949728940453
0.5866058894147030
0.6061635952626634
0.5749637703708183
0.8674839860331219
0.3907285571184331
0.8915507183175602
0.3350570573377306
0.3354492376836441
0.2313768924921865
0.6059710513264919
0.3855572320958403
0.5434285970645576
0.8207616120336518
0.9734563789664357
0.8192522001091572
0.5124803820630558
0.9674483679904844
0.0045997368777724
0.8108372081958849
0.1669251504044967
0.1426717225178358
0.2750787184066880
0.0796977250226223
0.0960424918393106
0.2227434274193845
0.0950866968629310
0.6886913579454693
0.6808191340411763
0.5351645367291280
0.1064412941035539
0.6827717915379355
0.6799593768145996
0.0157912153707644
0.1026773647901194
0.2914005684870592
0.2698085014170397
0.8733554791364485
0.4458522724267955
0.1259869565798633
0.1034949806300763
0.3726707272161978
0.4925214514774260
0.6325021658241279
0.7644505331749875
0.1065529121558484
0.7350889510544085
0.2612012648879624
0.4826325699482938
0.0309276742360211
0.7626701172531926
0.3237168292849343
0.0078379374014640
0.7066388292947976
0.8495950149469834
0.6834950544813057
0.8320866128574361
0.7554818124011188
0.5845970861135986
0.2069843271032920
0.9380256428940192
0.7371935672897684
0.9726425121931183
0.1705702883279456
0.3840450317938623
0.0527895895037338
0.6340548100666663
0.4157881755554941
0.4359231928495287
0.7725837330824190
0.6533639455649765
0.3183247831351980
0.6260385972036785
0.8695983195841839
0.7056341133728052
0.3659074531138647
0.8559658799979603
0.3388831502544825
0.4197579780928014
0.8915001047611119
0.3070625671479337
0.9189544972707892
0.5888382672835115
0.6971050180529087
0.3555486621080839
0.3030338953923389
0.4204622610234214
0.4606660070195912
0.5102327796471856
0.2811069562479647
0.6613626502678445
0.0230354513949004
0.7318475860691940
0.8846795173612443
0.1201011278963056
0.5311815691281360
0.6830327881437522
0.0658719345271559
0.1305371225810960
0.7768728574160657
0.3201737004531744
0.5883556404018649
0.9279942921273840
0.3855782509419164
0.1305411870265359
0.8906468898269634
0.4916553154083673
0.8046532878999897
0.3966012815219034
0.4985863185247902
0.1795423525936625
0.1776038946015880
0.8980741531576424
0.9311021195375988
0.1165040560041095
0.2602349479739382
0.3673616673532990
0.7090208501465013
0.9241362369239667
0.4910982402616969
0.4525073423479441
0.3825931529044794
0.0885148575945864
0.8846133584101623
0.7558750674452274
0.5054695510674166
0.9547757508101979
0.2906056756109032
0.6196825222782779
0.7655474558618177
0.1479689055321638
0.5570335572698331
0.0253563543578881
0.1606517727208615
0.5957889835454540
0.9604670191199672
0.7606560251595216
0.3851589524090184
0.5046068363556673
0.4562971032113008
0.0007996351906241
0.6310300365317968
0.6491042694359483
0.4605785838544719
0.6353601807269126
0.1140541381954479
0.6934785853390375
0.8184898636866166
0.0733631882175910
0.5800115426713539
0.4620092503302560
0.1190303417115636
0.5726605098839127
0.5469494263369166
0.7326137642769389
0.3463263736039571
0.7984353310077623
0.9075338877907296
0.2428226169299181
0.8534625482617084
0.2260852253262686
0.9861471508457047
0.0135710040724535
0.3508467083990554
0.9773724244406161
0.2535886277290089
0.9736892506790151
0.5430414390211863
0.9115168325577987
0.1127985368944816
0.7463873774480914
0.5303003414555387
0.2654811641590092
0.8003993895818505
0.5662287280294929
0.5428460162881206
0.8823149372533081
0.1973430550720102
0.2959280589835741
0.2209223708332381
0.1228696766073575
0.7837937918490184
0.9080728411429950
0.6126120380842077
0.5254592479799967
0.8706955691917977
0.7353737611629751
0.0831009706402520
0.0763406397595480
0.3589871641142777
0.0836352148805092
0.5827812936169271
0.0570248456658108
0.0173005366108028
0.3231326668221978
0.6698796367098212
0.1721261822035483
0.0213064222483913
0.5069561709067923
0.2367317404009897
0.6215040575863112
0.7506177020957453
0.7793877258754702
0.7345917325217854
0.1252890131585132
0.7247377926838378
0.4195552290424230
0.7790730129458839
0.8190929533391138
0.6467776786886884
0.7433857020042230
0.7922402440819410
0.2770888580672877
0.2906596937911221
0.3842765475358175
0.0032684063359271
0.8166788756326351
0.3920262584840457
0.0022651462883082
0.0035523206523203
0.0749940233407417
0.1992721130199697
0.9010980004161386
0.8939525952352771
0.4007533740038173
0.2127645376939326
0.0967928911215230
0.0014091799981159
0.5217352054388807
0.6445696252558107
0.2167852577148081
0.4224324013720925
0.0286905734746409
0.6889293511425377
0.2551049671315635
0.2351095909331534
0.9398380058515867
0.5782351268738918
0.6312313268792394
0.2006663526309895
0.9953926036802819
0.4324643056164196
0.0947080988434527
0.8710763645212940
0.3130455420140228
0.2149010049763739
0.3545832139787073
0.2165168365088679
0.3764247067668650
0.8724784435584416
0.8642137873191326
0.3549473132942121
0.0655891014666917
0.4811865862457567
0.9498025452841579
0.3879066837870363
0.5892457757982891
0.3990566022602346
0.3360900037041167
0.5376862146855719
0.4433355354132333
0.7290628435007105
0.2676667737288149
0.1355204579828302
0.3500158983248510
0.3577129939258621
0.1128856010785872
0.6961947922701061
0.0833873940050408
0.4774226803492360
0.5091429595680937
0.4493900304739733
0.2201480281779356
0.2344719536435694
0.4892997402092144
0.0698919069491386
0.1820209536332624
0.4624316720288983
0.0193238724642227
0.8336368597499855
0.9970615058937510
0.2873952392863580
0.4969924046082086
0.1991475546521772
0.6454061808020444
0.7014230066976413
0.0738441639427969
0.1873140088481523
0.5979830117616296
0.5143482053161179
0.6739247214058613
0.7065497079113652
0.2856694819036339
0.8402152334110333
0.1623258543545241
0.0376691432720100
0.0342250329435212
0.5441689184135949
0.8484911475756537
0.6807055238269518
0.4471995082555551
0.8913352677751811
0.9057613680278405
0.7915137718293149
0.5410738695382252
0.2055339975866002
0.9928948625317108
0.3654203400301791
0.6626291906577947
0.9000640930561868
0.4937787495377999
0.5998877828236078
0.1014332386442194
0.3922113891304331
0.8246727816339802
0.8257953613262980
0.5995608022343173
0.1675503148443611
0.7208097551943095
0.8713120647525644
0.2018442357944321
0.9746392272697978
0.6295907384973378
0.8860709014412200
0.7249054515734510
0.8080029162673429
0.0172072091769013
0.1826866134010980
0.1444925443747731
0.6686676583846748
0.4321628058117060
0.8315472448017388
0.3531504903349681
0.7330552919970343
0.9377237766833574
0.0000780069623048
0.5129594789118557
0.5660663879918998
0.2395570688749744
0.6891852367827610
0.2214825685849138
0.0364462196213868
0.9703089607902171
0.5036554049935330
0.9026924297792943
0.4947016872767860
0.5081174913409360
0.2462133201912233
0.1945746903044386
0.0739445105752971
0.0400989228909825
0.2061278379140343
0.9133990868245442
0.1721169032605961
0.9576672766121737
0.9373900452811741
0.0561230464211293
0.9024366845488880
0.3020873019374848
0.8048760279118329
0.0877399950206282
0.1060696956892303
0.4117658988204365
0.5561905234514085
0.0749674876471207
0.6947488259240169
0.1760828959168473
0.0469869717459380
0.6576183769524362
0.5081753545715424
0.0411461308486287
0.0081690635919311
0.2747158370730660
0.9312353980339435
0.3940513280958765
0.7203938656601363
0.7711090222513634
0.7389753651512000
0.4432737572162145
0.7318788649576283
0.7150447841951658
0.9668801757644528
0.0804376095922833
0.5130647153661088
0.6951640593296781
0.4257480608127646
0.6886697595343958
0.9499195930505783
0.6751937558380211
0.0536280109100146
0.3598939908556964
0.9472789277859469
0.6399840332920025
0.5782063037682807
0.9520899733559588
0.1633809742381431
0.9038731039128665
0.8859243827570141
0.0241563404396946
0.3448590691867158
0.4646202227629361
0.1200091422058644
0.9141972559827963
0.8520303199841138
0.5757729482485434
0.6306850314805920
0.3885737530168353
0.0022069983382185
0.3137250019008972
0.3488278438651325
0.2012027539860779
0.1240286239232763
0.7579683684163524
0.6948219614893717
0.8895890704951951
0.4519609665659383
0.4800575626780751
0.9365823073302075
0.4426888882458873
0.5243795476421123
0.6507126967234231
0.9084681162491169
0.8613106176964790
0.0648661371485387
0.4389102113265888
0.8416434029253679
0.1445963383628320
0.0129676213321025
0.0889862220515469
0.5082233967592497
0.0059196265099083
0.3039600056482340
0.6492698979463934
0.4943157642795952
0.4614922267533654
0.0372330688966379
0.1052428665352726
0.2339090878363614
0.3075542085677190
0.5763801670138385
0.3017203207612693
0.7669585807829306
0.4666394911529738
0.2714146525576180
0.0663776936754690
0.5957319877206967
0.3700499305887693
0.1471199386641463
0.3498895050488346
0.6196506369599097
0.0779326454415620
0.6920103443833440
0.7371864825949772
0.6790488905190423
0.5064867388548234
0.9763961895536407
0.0386117916781993
0.1339618830527304
0.1688454259818779
0.9090437690587359
0.4381621191315164
0.7082922907063891
0.8527988201521252
0.0103701844519254
0.0017501214637148
0.9366250890824832
0.4076705399115063
0.3261019939845798
0.7085097148476523
0.9963507648940385
0.3281086158255202
0.6268390168028412
0.8537659050655870
0.0661990534863717
0.7891989849845515
0.4002731256552901
0.5463512005395935
0.7781923817045446
0.5422452800312536
0.0141623754691784
0.2395679508091958
0.7932618688499338
0.2726590025906778
0.7128907443267386
0.8153346448481190
0.7046482044849385
0.9461572326318242
0.0980545370366350
0.1779931584413122
0.7850057124127873
0.8973080255012166
0.8206987609208398
0.9675837879339531
0.2301488668865278
0.6568106601392983
0.5034836224568061
0.9913827074789235
0.0182653219828349
0.5054855758414403
0.4677102866838128
0.4628288265025952
0.3750683339577944
0.3478409379168727
0.4924258801874143
0.7992024305984522
0.5560687079839250
0.4716291046000408
0.6355922270588068
0.3826470640316584
0.1607906784100454
0.9029992151453344
0.6943036623510432
0.3455068190631874
0.7494559885791463
0.7324797745141631
0.7170208805260320
0.9720995048193642
0.9801078614457123
0.8926898106271308
0.5672329337734312
0.8679937469698068
0.9087176223029583
0.6136592707823084
0.5480996114909590
0.9767954854234889
0.0898904839215430
0.5406572356527094
0.3259750299469613
0.0501765050614018
0.2105361968158430
0.5523749204587954
0.9446449572913470
0.5641042921644712
0.6214150767875902
0.5394568061191605
0.4739770483389386
0.8313779324544871
0.5680058939297655
0.8143969433087941
0.7057204273169366
0.2937763914822655
0.6087944270044927
0.4216243076684250
0.2676994278337121
0.6616606017743719
0.5787097977652959
0.2810825499268460
0.8440402236339600
0.1900387877870476
0.2439133923679924
0.5687495866851329
0.1178542676583125
0.3751526208874787
0.4543068515866049
0.6006946553164096
0.9927897724336998
0.4919752769447783
0.0681259131180951
0.9282516906335733
0.0145358628856358
0.6607431300295974
0.5078197644561465
0.1593579122092056
0.5381109582008948
0.1640851834267359
0.8916970656218275
0.2274001110042915
0.1853994557591921
0.9606722452829097
0.5394656516598273
0.4319975417124515
0.1657363945946942
0.7434389803625029
0.9267999358068513
0.6107187860623675
0.4945222790553668
0.1515665784834029
0.1593578273407278
0.6288745890886402
0.3638645843262970
0.5811890309298717
0.8487787143093452
0.8611323154564267
0.1506438498004973
0.0495858947702149
0.3926556780943277
0.2240619821675469
0.1294879268092509
0.7396322999486579
0.5509438605534919
0.3409240238152096
0.3355531721964170
0.5243368510082921
0.1457881854928175
0.9664383850534952
0.0901946371225064
0.0711052320518428
0.6371004519876589
0.7636953040116573
0.9287888230972887
0.9948053007789448
0.9153211762598457
0.8334038653583945
0.5870565953058411
0.8498117956097339
0.3317940391605110
0.8175391838962074
0.4227251856312695
0.8907051505687411
0.7829805608181757
0.7452309281842729
0.3156850103229732
0.7309309943817451
0.6427036023108681
0.7160977952224346
0.6047005936005077
0.5920015455304674
0.7431409930089402
0.1728594861032799
0.7044758148475436
0.9809171087610624
0.2526854054967230
0.1044077348586312
0.5542174269044535
0.4462998791564146
0.6224460016946407
0.3018127109695977
0.7471945311215200
0.4476299014230000
0.7259252151282215
0.3311010666344718
0.8151566864437808
0.8103737062184471
0.2969004169203515
0.3582278132518689
0.2074290715993363
0.6822834817524126
0.5373144903867865
0.5295491589090585
0.4852740288969849
0.2913676702174323
0.3120339929091822
0.1095535846902028
0.8175023523999227
0.0265185304227431
0.0430331572793582
0.0144920594804711
0.1840885363463929
0.4814499474750442
0.5041222636117964
0.3035132681305298
0.9527599171948617
0.5824096085979700
0.3054375180604768
0.3337371680292252
0.0282015706788096
0.3299364538646242
0.7768558098481050
0.2439200850826380
0.0155410674740742
0.6022912743752932
0.6235381615072597
0.3479523477651152
0.8369165365354148
0.0867863983395467
0.5318798986283184
0.5095292061804269
0.3766824599039694
0.5387189324197340
0.2406162888811163
0.1379923468400557
0.0551306313217022
0.5538420692060751
0.6872634400372822
0.8278541844642472
0.8419932409631493
0.7426361452294691
0.4776750905237901
0.6991569174423800
0.2540856725691565
0.4611334924210538
0.2375709240475680
0.7651131709127568
0.1003972283318505
0.0996889584472617
0.1753761022436301
0.2979082965263828
0.0037247799932363
0.4002604146466722
0.3886251238439500
0.1022301639356941
0.5127551100659730
0.3269931637378700
0.3974517986566629
0.6267966339933979
0.9726925085048662
0.6431641118721532
0.2259436448198030
0.2817713755443699
0.1811050726095482
0.0139792030453486
0.5505429604605426
0.9358694300207845
0.6731164876877936
0.5729326409985867
0.9090745187144620
0.5237712097664999
0.3118722800110282
0.2673029590008404
0.4018123849490433
0.5373236094561403
0.5292586054847511
0.0709470372192285
0.0594998665332273
0.2976669388933568
0.0667800692599936
0.2620674628069973
0.5450908419552315
0.4036980125845985
0.0724630075919963
0.5740590545068260
0.8927320327856363
0.7816276653101858
0.7861541112983101
0.5506622161358634
0.8173792149978255
0.2179040746682234
0.9168070731776526
0.3477511672916315
0.3465386654481954
0.9613396476011011
0.4303711610599628
0.7651183260207580
0.5789534166867095
0.1290491917949086
0.5423334519749589
0.5205422454920495
0.5757851201344864
0.3216890034974252
0.1770885090220931
0.8143045973302836
0.3385268785069571
0.2954742747998014
0.9653318667499881
0.1654564045557090
0.7081412547108741
0.7666530713863545
0.9300550999308304
0.6395110157783176
0.1749334297773202
0.2726087770616166
0.7606494700542976
0.2081479653569023
0.5631424665658576
0.8076633720051720
0.3966136505701553
0.2960996865500637
0.9365244308340559
0.0487630339501526
0.5044472194951303
0.9785913458103642
0.9914617256792747
0.5357412732023186
0.6936969847452423
0.8899172349752238
0.1353929900903666
0.2310099162271833
0.7747379605239043
0.3405253824512087
0.7764452473065996
0.7317994717102656
0.5385878379830517
0.5541606117656805
0.7584680598077355
0.2510767350256826
0.3103726337750315
0.2923527405357205
0.6490046912481348
0.8367079923788571
0.6650302645247846
0.8945054596774670
0.9192998776860252
0.8879671563306670
0.0319505440245401
0.9114505012065004
0.5911517510684520
0.9986950105248936
0.7230754857603882
0.1286322974670112
0.0132945145278288
0.1695625293430530
0.4498279666303084
0.1442406005677206
0.5627672982728855
0.2105178190075853
0.0622574771460997
0.7042968902599949
0.3036981382725117
0.1528224586211612
0.9003644447077563
0.6960414517844553
0.2773912919793615
0.5019479807016858
0.2585188722563012
0.5258545258492530
0.8351116549471631
0.4186345097727071
0.0724175759658036
0.3462613836240865
0.0395629118649675
0.0778896177126955
0.2299377615497621
0.8602651633997420
0.4831653047127753
0.4158376114281219
0.6820302501033070
0.3210774444974419
0.6191310579915088
0.2185760563087367
0.3765197987290173
0.3759431273529620
0.1682972239309386
0.7367253102859236
0.3511240731318666
0.7253038247127620
0.9153544875798667
0.7870904325304340
0.3261769747612806
0.0794187996945098
0.7836001492309413
0.9443945784450349
0.4432780422356194
0.8273402314022950
0.8826684518149411
0.9334087205730819
0.5743540962393718
0.1859839112419732
0.0273961565645869
0.0986354265015782
0.3686198206486112
0.8443719344843442
0.5925358858651397
0.9123006307348568
0.2707280990833368
0.2964801401167411
0.1469935243440645
0.7731059371335148
0.8759467068922417
0.5134297120802592
0.4340766931769665
0.7776630827052187
0.3125102317697073
0.7103982155408454
0.4910630783433036
0.0960986477825071
0.7359909614988999
0.3594996904958824
0.6997186786970008
0.0513953321947628
0.6700732445386868
0.1235532359490151
0.8801410720908424
0.1122648122601475
0.5055876996190608
0.4730867998749533
0.4096765504224102
0.8882734439479425
0.7736566466772753
0.4881495989695019
0.3962977722968788
0.7335192400512629
0.0962866043972476
0.1831518505245984
0.6616887446749664
0.2214292410551645
0.5430139134969163
0.6149391446056881
0.7345230386470120
0.1177865854495717
0.1026312265618130
0.8407475539230002
0.2524444521342692
0.2237245854119535
0.1111895125171168
0.1740395654296546
0.1810285773903927
0.2850670901631723
0.9326926718362181
0.0383279291427604
0.4616461248333972
0.4991409649246125
0.8860541062969283
0.5771679349961566
0.9186482996132642
0.0513813476310097
0.8233913657592102
0.3086102175712173
0.5231731024392670
0.9213320160306827
0.3171127583652519
0.2843278696427313
0.1844512413357802
0.0966145338814642
0.8923900025923273
0.4553879894342646
0.2066290058716531
0.1332334549440928
0.6081037667698961
0.8827074222911958
0.2213135108569978
0.7806421435063944
0.9032029493395926
0.8449222490740903
0.9450080310432096
0.9173870525202443
0.7010098545253058
0.4666862062906625
0.3844338961563434
0.9414346719941042
0.8048265151966857
0.4912999046283382
0.9162460046345037
0.4376669113345576
0.9753048015424108
0.3934752499139624
0.4010283741409594
0.9081713242735201
0.3890044872442630
0.7020349090340963
0.5451615372544532
0.3671643577714896
0.8864812888297293
0.9132220247544125
0.2656384111279126
0.1968120821828683
0.2619324076509921
0.9049639043740736
0.4685678669679152
0.0131167033710221
0.6261911952039410
0.2625199606538486
0.6914006251598768
0.6744400789464590
0.2174072551582765
0.9700202666216405
0.4059522867040236
0.9791940236428749
0.2444869082127347
0.7525802150795229
0.9445568699488287
0.2326809216068784
0.5301622274176463
0.7506090048383676
0.8372561502562137
0.9399573769659274
0.7964556343717261
0.4097662251609112
0.8709553186019910
0.2797777462698596
0.1148909803680646
0.9757526336362414
0.0897023472748172
0.0893319234492759
0.4423468000418754
0.9410940943771664
0.5655532468080059
0.4020387117459817
0.6289470654468940
0.1027489491695904
0.1139722399544514
0.6916214141909546
0.2881797545134156
0.5444090949442564
0.9522140964055468
0.2036113673088792
0.9390155102565955
0.0246020619103130
0.5465379114501474
0.2448800521349735
0.0211356660845714
0.4980835363550039
0.6686019623559388
0.8632102962636773
0.6942065100963531
0.0022645392807827
0.3054153035190991
0.5408745451545112
0.6759398437644587
0.6483481614308795
0.0516629146203956
0.0818987877849611
0.5605315938720917
0.7299355344324595
0.4240166262625306
0.2833533189469351
0.1777193253734316
0.2791439912599533
0.7541671076241906
0.4359494031211137
0.4231236433475249
0.1593758685947863
0.0642938021816860
0.1232272048540862
0.9116594866542653
0.8058505687477699
0.5676662960871294
0.4376620353558270
0.4339512087374545
0.9941489052871365
0.8999778571603128
0.3232440515993933
0.7212682012757036
0.0400616568110530
0.4125992900770787
0.0248752701726361
0.5595940550717483
0.8410409936478426
0.9015699678337905
0.8526394012366864
0.6637578529925585
0.0024840522511246
0.9080552427162482
0.4594985341407537
0.4234488393308918
0.7475314456344707
0.1958875073258523
0.1332668503467027
0.0866099618967276
0.1298472209087896
0.5748260140936011
0.3341596792393544
0.2209071206416338
0.5049833904367117
0.6320537218694675
0.0187186138041601
0.5785925975803099
0.9276665408291450
0.9090104095933634
0.6420096414480919
0.0238097324303324
0.5864099550885294
0.7882229350996225
0.6635465258198197
0.3766309395872800
0.8081671184848963
0.8197334509930574
0.3485086786129621
0.2624016936222582
0.3214324129841367
0.9835896828690461
0.2408394751734435
0.0096670545212246
0.9134447378739049
0.9779509285044735
0.1150184182229453
0.9734318604977491
0.6231584973534142
0.2646444924308843
0.7837269434914576
0.7593156894111031
0.0841708984899568
0.0919996546351417
0.3424886941597195
0.2869771195229864
0.7932857637083026
0.6441838953059075
0.6799380672139308
0.6888659681919173
0.7103395036905220
0.6561578337661463
0.5611058345045707
0.4612136814865672
0.1494529304075805
0.2478124962083560
0.4287036379955224
0.3835069281931239
0.9686966455418153
0.1390993015474540
0.5730671702924456
0.8072954194226908
0.9820430529692905
0.1523007585464923
0.3027274430702583
0.9135514782377517
0.0292513156321399
0.7216890961975541
0.0396728241909939
0.4835104608327696
0.2298493045152449
0.3522948354095605
0.6935107964023477
0.1862187307211464
0.2667411105826821
0.4974512251378030
0.2984860823801195
0.1064341471802344
0.8483718557024497
0.7871722108563283
0.8823753929266637
0.0572224038827936
0.8128899833014794
0.2607141155747956
0.9723882408682338
0.4744917629393250
0.5126144428934647
0.3982383936382328
0.1047861288570098
0.8183574257358858
0.6714970935854192
0.4184355684573512
0.3474806223867681
0.9492473435578626
0.8510296849133622
0.5420519408284649
0.7895921529892981
0.0810849529031746
0.9688579870355520
0.6304012378874883
0.5677739289178398
0.9755973841889550
0.4996822447621204
0.6113832416377775
0.9903052758281743
0.3765509796434875
0.8889713660205862
0.7924570498876387
0.1564735311768264
0.8132399452096424
0.4719253783342803
0.1897090370201734
0.9679401050495806
0.1791345242069428
0.4461644666397701
0.9999209920519144
0.1387157497596020
0.7089594506657539
0.2489633809599249
0.1873664770173918
0.7158833118949093
0.9005851390763868
0.3073691714674689
0.2053811148367443
0.5160701307373995
0.9894477595245548
0.7665644663225711
0.6708510797562471
0.1802238969008925
0.7387079944046114
0.6724435246498000
0.4528214227385388
0.3925533982260719
0.0376858329906560
0.2389054071029503
0.0279772912282993
0.1208969506071753
0.5281297273192812
0.1066260649947639
0.1850066083380868
0.4080273120862717
0.9689023834204565
0.7564582280092224
0.6485814421724831
0.8193039880153776
0.4076421639315991
0.2098079447299029
0.2357246316705485
0.3174641268727741
0.8994643547780536
0.4402207233340379
0.2166042407229642
0.4478511767235935
0.8880265045820495
0.9704371959388881
0.9170962366990206
0.1505020649457881
0.4378839733391537
0.1646324726712683
0.1509230922308059
0.2510881330651268
0.9792468167475000
0.0271782727535629
0.9388114448105652
0.9443195033516478
0.2788381354446953
0.4333886601102588
0.9936306289358131
0.4165092465420556
0.6596286277302144
0.9684565649865515
0.9424840210409151
0.4988665964733723
0.9516023558643429
0.8809936083404648
0.5726873666760287
0.9313552122395303
0.1484888943088412
0.9729629714873127
0.8906875029790550
0.2111116296571687
0.4457376991215016
0.6380294186040144
0.2687630474568532
0.5221944179855437
0.2196570544415686
0.7763101917978059
0.8760688232482129
0.0765018178453628
0.2341274887594847
0.7401303883059825
0.3639860993828464
0.0571118174147591
0.1781436998344663
0.2030183980315697
0.6364173085405209
0.6435021793903242
0.9761930044584449
0.8988867566637971
0.1905201371522114
0.1619483292928936
0.2584991612091765
0.0909316900753029
0.6469588362684916
0.6793692885211025
0.1659865983514798
0.4104077397937033
0.3495677891050734
0.6982641406841481
0.9297938047834363
0.3061754096671693
0.4521184412034335
0.4454744770867192
0.7087242728575691
0.7935463100914044
0.0227141795054779
0.2890257571677814
0.4144506075429177
0.2320647536484560
0.9907749229605873
0.7315931821941091
0.3576238339107208
0.8288493795287960
0.0874257236970533
0.7499580351817208
0.6405179792217213
0.1644112201294495
0.6956951704302080
0.5498090204984956
0.2650283962985074
0.4916970929459791
0.7338085848235292
0.2840710187881660
0.2935543064552717
0.0942523881893661
0.1328061086778596
0.5788410391250280
0.7751957746161009
0.5215757591017049
0.8449734240101764
0.0290121660158624
0.4250051479622892
0.7754985737517557
0.2119652587202937
0.9691582270384105
0.2711433749577483
0.6363515778058116
0.1389953107239851
0.5517831994661681
0.0539244623743101
0.6641339207411634
0.3838758193277150
0.0961982765177711
0.1723388503764861
0.4185169463118784
0.1648990983603260
0.5139690793597584
0.4071700528821952
0.2202473421307237
0.3431857066793089
0.1414001750041740
0.3469592956509135
0.6988964617627575
0.0774447978651824
0.3434124531959353
0.0736239233448709
0.3378816621685972
0.0008504011485001
0.3794361248557713
0.7468434540143289
0.2849673812923845
0.4734676343853481
0.2940644371599814
0.5322152394260602
0.0983781864822434
0.0440794263984686
0.3978263271155685
0.1916861495874235
0.3770144037354972
0.6871440516201160
0.9831062439973295
0.7639845937837092
0.8308776685767706
0.1913749003416083
0.0143502203367041
0.1127680589455896
0.2962931161506083
0.4746121918818451
0.2979958992090349
0.9727230491053794
0.0330220204738002
0.0817294402367028
0.6170399326071356
0.0134100711808741
0.0614747333246736
0.2151498538664725
0.8923996567849510
0.5859476095333301
0.5385525534851602
0.5857670655377775
0.5700569091408666
0.8463565516425974
0.2286359583196390
0.0602808037652421
0.7315152268916545
0.6551729845965625
0.2693589200653688
0.7006115642901564
0.1731488373482823
0.8308364599351794
0.9508337960040628
0.1232291111774099
0.7918168151885409
0.7897301358973781
0.4386171280273219
0.2855877580774322
0.0184202583932245
0.9433229792289769
0.5368839337721385
0.9974044183397357
0.5546817730798890
0.9065549543175181
0.7807141813422246
0.0269048749886526
0.8533210229035796
0.5533739480121884
0.0272378317806024
0.4535697738210898
0.9667252651447215
0.6429645937697946
0.7373998876000472
0.3903077835050704
0.9326354373145558
0.0800597807997752
0.9978645107870897
0.3637265113093323
0.6298882624700910
0.7510089074243852
0.6681156549265768
0.6055561474823580
0.9644835656055024
0.3377613153284809
0.7685992189876361
0.5502487086078971
0.3136265683174343
0.2485009330298054
0.4556319870657067
0.2681169276771159
0.0029061969656987
0.9797725560271396
0.9709639229642365
0.5494747497366742
0.3366107726451679
0.9052838554485394
0.3133484419634176
0.2806751832767022
0.0134158098589197
0.9611708053023793
0.5006751299961655
0.3802142298433193
0.0270543397231962
0.5013169635719688
0.3102575906310447
0.6839271267081404
0.2325192531498631
0.4266694926865771
0.3861851884662338
0.9950920567841880
0.2583819172820057
0.6526422408077774
0.2786641829820876
0.4701898351440630
0.9338816821299978
0.0621079999758353
0.2089992988974554
0.8717764569408997
0.2997752296745652
0.9755932506536077
0.3589369388261323
0.7875918453293110
0.7277123346830937
0.2771203943257886
0.7613959446253968
0.3762028960273541
0.1885063269205758
0.5517305839010151
0.2020299074469805
0.7354930852795213
0.4908134033701432
0.6190626559207205
0.3973578126977261
0.6214316169884233
0.0368002466553020
0.7601202147850402
0.6628609421227206
0.4567580584314470
0.4782480623740529
0.4819910264047279
0.7908442709948341
0.3244851670597466
0.0963153763011322
0.5588107568958721
0.9467004642494221
0.0724329614628686
0.4795281021978883
0.6818065738092588
0.2917655939267970
0.0661446044304477
0.0263299891922790
0.1282170089400155
0.3936348577326466
0.4785806789348086
0.6480055557961505
0.1836938255655874
0.2402168257679650
0.6149879404146781
0.7820431793789842
0.2779697310251620
0.2560214888573992
0.0991917336590562
0.4362065944019808
0.9200809896326941
0.0088507257478845
0.6014429279179107
0.6460723079348644
0.7415095248888840
0.7842736612232157
0.2626102705991828
0.7007407524449240
0.0586541840986829
0.8352008198883182
0.3954073349187140
0.4813097739059452
0.3450055926836236
0.9605746386847492
0.8764239985616707
0.8666923478153222
0.2781321305703826
0.3165696410417189
0.5962840055464499
0.7284640084653711
0.6432455492004350
0.5935507302266074
0.3743339332048820
0.8926988201504203
0.5296596776635855
0.0195286911893210
0.5388346865189588
0.1714994944173504
0.7599128588653440
0.2300727608969304
0.5891061173310477
0.1751070890187897
0.0951165335552928
0.5083111244729692
0.5466293397477617
0.1272867971288926
0.9584927737060707
0.4626812537589862
0.0845922971644784
0.0984400086381587
0.3880522579477500
0.1203913534152723
0.1930126322939012
0.9759754707489960
0.4946179910030515
0.5720302927098440
0.7992467942799636
0.1021684833571004
0.5642829856124699
0.6337141404751711
0.7267754032939198
0.3781426508757068
0.8840897686249778
0.2691362235644366
0.2100011529694616
0.5633331104783023
0.4984449535528450
0.8004006058030505
0.8267577673782903
0.6649124187310130
0.8212689465049704
0.2585621757880724
0.5571883219863323
0.6901079739004083
0.2218239881673705
0.0085871137580338
0.7303152927115082
0.0565478026722571
0.3648480210062746
0.6132297853519967
0.1479873320378277
0.9880728405307995
0.9927058509266664
0.2159877257660640
0.7019408014139198
0.9977144571016794
0.8408464211834306
0.7814199078751085
0.7448302929554239
0.7903157913503981
0.2117707168010092
0.0932224655097179
0.3420013254621426
0.4535910497069986
0.7553870542853285
0.8781531360570025
0.2814381436773190
0.7135745988947740
0.1402558703057263
0.3150484301564199
0.9539406981598010
0.6770529994660263
0.7397523112542723
0.8180286603535306
0.7194763326371486
0.5777000067041028
0.9085725250934928
0.0927678963122759
0.6733615879253897
0.8168626208976615
0.5067333497413474
0.7583998802513139
0.1082384998057402
0.6514849733884635
0.8478582427435403
0.6101656967268512
0.1404225841853731
0.4488340984555459
0.3735238636980673
0.4464704404980478
0.7429373006745440
0.9179360687011008
0.7180095972498268
0.0668494418854653
0.5369535234754516
0.6038771972166231
0.7935672915445512
0.2291506454762375
0.9394460783475309
0.7311607795635522
0.9693215309507432
