2444 2445
1339 1340
2514 2515
2334 2335
2071 2403
1269 1826
1109 1110
466 1011
3561 3562
676 2959
558 2270
2517 2848
1938 3196
882 3344
3048 3590
604 1453
1486 1487
2944 3378
2617 3566
750 751
2489 3550
995 996
740 1800
1438 1439
2334 3790
1560 1561
672 2946
2044 3257
2438 2440
2204 2205
1363 1387
580 1412
170 1813
143 447
683 3829
1648 1988
128 414
1076 2201
866 1647
1578 3224
1625 1627
1701 1702
1077 1078
380 2487
259 762
3538 3542
798 1641
3066 3135
3431 3796
133 792
428 1125
375 377
2596 2597
3559 3560
1710 3579
1885 1886
41 43
2774 2776
527 528
2725 2761
658 1900
3230 3859
3652 3654
1215 1633
691 692
450 477
2741 2772
2297 2300
413 414
1402 2655
1698 2364
1552 2841
1257 1258
2270 2271
2249 2252
443 1214
1366 2590
736 1831
1894 2894
648 650
1548 1550
861 2023
2879 3846
873 1113
1248 2624
729 730
696 3022
417 419
3045 3046
89 90
738 739
1733 2660
3192 3544
1622 2412
778 2932
2498 3062
1393 2625
1802 3121
158 163
3803 3804
3495 3496
2781 2782
52 200
1970 1971
3842 3874
3959 3997
174 175
1001 1013
2055 2056
1729 3056
207 636
2242 2243
3201 3202
177 178
3657 3658
203 1566
2521 3059
1712 2340
706 1762
462 1791
1897 1980
1217 1670
1233 1300
442 2396
668 1210
2956 2957
717 2234
649 1294
461 2455
2361 2362
592 2694
3943 3983
358 359
2174 2490
1183 2289
2852 2853
802 803
685 1795
2166 2725
2321 2322
3197 3204
1296 1367
454 3725
499 500
381 382
3689 3690
1329 2565
17 287
269 281
276 760
2290 3407
756 1863
596 598
1299 2429
409 410
3907 3908
3911 3912
652 939
787 2565
2344 2351
3302 3655
498 2526
1232 3505
1605 2674
377 1028
1990 3227
484 485
3340 3341
647 650
5 27
3647 3648
1071 1075
2602 2604
2577 3477
1034 1540
1669 3492
1402 3605
1614 2845
2947 2948
1793 3813
1720 2056
2904 2905
1024 2141
3370 3879
3957 3958
2733 2857
2081 3276
536 1350
630 1533
171 513
944 945
2762 2763
3132 3138
601 2855
7 8
988 2130
365 1009
1263 2224
2112 2114
3718 3979
3267 3268
2092 2681
3857 3897
2274 2704
2091 2093
1262 2612
2087 3306
121 351
2893 3275
1950 1952
2144 2684
121 338
2949 3781
1097 2689
1322 2556
697 1700
1152 1153
570 2626
3814 3816
927 2103
1943 3475
546 548
207 2393
1758 2191
790 1149
3467 3468
1493 1752
973 974
2230 2450
1448 2980
3576 3762
949 950
1708 2574
6 924
3583 3584
185 2679
919 2098
1681 1682
2398 2491
3648 3999
867 869
64 332
2226 2228
1777 3406
726 1799
1885 3170
3128 3390
119 986
663 2818
1245 2441
2284 3167
1436 1871
1616 2129
3023 3024
26 149
1648 1987
3950 3951
2932 3215
1774 3536
2226 3008
2936 2937
1911 3179
2399 2489
749 751
2004 2005
3935 3944
1972 2838
1139 2317
2922 3866
251 1969
2324 3357
2706 2808
3392 3698
1470 1471
1456 2384
1610 1611
713 1092
1065 1066
2456 3095
1792 3814
256 293
2331 2333
3666 3794
1974 1975
3000 3005
1089 1090
2295 2787
3200 3201
2335 3283
2079 3273
3988 3989
3817 3818
2397 3065
2024 2032
2310 3408
2007 3233
1494 1763
1267 3011
2404 2405
242 826
2390 2391
2047 3866
1156 1695
3295 3296
418 419
248 836
240 251
3883 3904
1264 1703
2147 2755
2361 3468
289 487
1581 1585
3134 3248
275 918
2890 2891
2220 2227
3253 3535
1861 2443
2847 2848
3355 3356
735 1753
2176 2182
3063 3541
1659 2267
454 1236
3621 3949
2429 2430
3576 3577
368 370
1395 2624
1604 1606
1223 2409
579 1418
2628 3664
2640 2641
514 518
780 1934
1437 2091
1425 2669
715 3759
2878 3701
1688 1935
1441 2752
1638 1639
1118 1446
2022 2023
827 1330
1046 1047
3428 3430
752 753
3689 3691
2330 2331
3121 3376
2339 3438
10 3810
3351 3353
423 424
2817 3865
908 1434
2009 2010
1688 3202
2475 2476
557 558
1240 1241
3433 3804
1545 3719
1307 1308
2597 3188
3226 3227
1067 1073
1149 1955
2815 3231
1179 3454
1141 3902
2770 3416
1180 1651
2946 2947
1993 1994
1298 3877
3644 3645
3248 3632
1863 1867
1043 1619
2384 3403
1260 2231
472 473
2663 2666
3644 3675
786 2285
2669 3800
2824 3541
3355 3795
707 2373
619 621
2431 2433
3768 3769
47 598
143 482
130 131
3092 3093
718 3780
2634 2654
1467 2644
2961 2963
1589 2876
3231 3232
1877 2036
1412 1991
1396 2628
1197 1198
526 529
2417 2764
1355 2113
218 219
2100 2101
465 1315
3873 3874
856 857
749 3272
731 732
1235 1236
1891 2384
760 2073
3243 3401
2309 2310
1931 2883
3122 3836
699 1014
3525 3526
76 1206
3814 3815
1211 2916
3531 3532
1295 1490
1318 1319
3900 3901
299 301
1444 2699
813 3213
3086 3087
1233 1365
590 1437
1353 2581
635 800
575 578
2647 3347
614 616
1509 2038
2995 3621
2226 2227
80 304
1037 1039
958 959
60 61
1745 2008
386 1062
1468 1469
3083 3084
3702 3818
2237 2238
3023 3025
3422 3423
3570 3943
3511 3568
1435 2631
1465 2403
716 1773
3338 3340
1212 1468
3572 3819
3563 3564
3372 3750
2566 2567
135 385
808 809
1311 1312
556 557
1331 1334
2080 3278
1034 2217
2048 2922
3624 3859
1844 2508
1056 1191
835 836
3012 3100
1123 1153
2382 3799
1914 3180
1521 3968
3822 3825
903 904
2210 2484
2593 3593
1407 1474
3633 3720
1829 2799
2044 3067
73 271
1676 2759
483 1009
1448 2391
76 577
3529 3928
455 2444
2045 2047
1361 1362
2780 3444
3406 3897
2811 2812
2623 3584
2529 2580
393 1274
1476 2417
2133 3029
1636 2762
1094 2375
2939 3888
1226 1228
1693 3466
3176 3781
3448 3854
3960 3961
1868 3582
776 1921
3021 3437
70 71
2743 3683
1308 1312
3936 3956
1 11
2065 2217
543 1016
2293 2788
217 1502
68 905
1050 1213
2969 3167
684 1068
1704 3366
1883 3162
702 2057
959 2630
2231 2241
236 794
1356 3389
3920 3921
1110 2013
1604 1605
621 1031
2156 2157
1787 3088
172 175
697 3375
3524 3925
2123 2124
1253 2447
1638 1642
741 2541
2679 3732
1962 1963
916 917
435 436
3391 3504
3428 3429
3645 3671
2820 2821
1652 1653
226 747
2330 2332
1806 2415
1838 1839
3212 3578
1168 1177
1487 1988
1795 2727
2018 2023
2298 3409
1406 1407
1307 1309
70 2109
2353 2354
1149 1954
2326 2520
1100 1464
1878 1960
3284 3285
1803 2926
1136 1137
631 632
2381 2529
53 2380
1593 1594
680 1678
3042 3642
3002 3657
3421 3497
1170 1171
3049 3050
2074 2730
3957 3960
1955 1958
3346 3604
661 2150
2826 3065
3612 3614
3905 3977
526 727
872 874
2826 2872
619 620
3634 3635
3165 3337
2568 2569
3070 3071
2128 2129
215 1707
2458 3766
2320 3687
425 1156
1112 1501
2523 2804
2989 3176
1725 2589
1554 2880
1686 3110
3531 3749
2813 2902
451 2561
353 3840
1563 1564
1522 2629
921 1787
3589 3590
271 274
448 2628
223 654
1252 2797
221 222
1646 1647
1840 1841
2183 2184
3649 3851
1043 2175
1117 3650
525 731
3218 3934
768 1893
2141 2144
3232 3233
1697 1699
146 3582
1055 1056
1364 2409
524 2532
647 1544
2281 2675
1388 2620
2105 2107
2971 2972
1405 2993
3198 3199
806 808
1185 1188
2984 3778
2792 2793
31 167
3734 3736
3131 3476
1280 2981
1003 1004
3896 3897
2386 2504
1796 3053
1312 1313
1176 2344
2935 3857
3942 3987
987 3151
2085 2086
391 392
18 81
709 1145
1250 1720
447 453
922 2099
1683 2973
3338 3339
3474 3552
326 964
269 1415
778 2812
1996 3447
999 1000
3856 3896
375 2850
3903 3966
2401 2917
3194 3741
2450 3022
2348 2351
1406 1475
3631 3721
1227 3034
471 473
956 958
1608 2810
3084 3323
1788 3173
773 3183
125 395
2061 2062
1733 1735
209 210
3056 3431
801 805
959 965
502 2615
3988 3991
2508 2509
1998 3228
3452 3453
2799 3366
318 950
721 2819
1303 1378
2832 2833
3800 3801
969 970
2860 2862
2097 2682
1167 3660
648 649
3667 3668
1088 3116
1971 3932
558 2593
2045 2046
343 344
24 3144
3329 3330
392 664
217 749
1255 1625
145 146
1126 2304
157 164
1968 2901
768 2895
2677 3948
1524 1534
1722 1723
1516 2648
2208 2212
2917 2918
154 155
3550 3551
1656 1657
87 88
1723 1724
3765 3925
465 1260
449 450
2372 2373
3357 3358
3173 3174
2669 2670
1415 1416
724 1654
1728 1732
3418 3419
1603 1931
139 449
2405 2406
3608 3609
3785 3984
1247 3137
3252 3428
3077 3553
2793 2795
1866 2175
627 3871
2019 3217
1441 2750
741 2548
1426 2670
2248 2314
2084 3025
3677 3688
728 2925
1440 2054
1211 1540
2088 3664
302 1302
468 1227
2507 3221
1072 1076
117 118
1632 1633
1299 1364
2313 3901
2464 2798
1346 1783
72 2095
689 3018
2509 2510
92 93
1269 1707
740 3093
2870 2871
2051 3063
650 2516
2562 3570
2415 3743
1179 3456
1986 3707
1775 3077
845 848
23 113
2325 2326
3293 3294
3421 3498
2981 3307
3870 3871
2109 3318
2484 3328
445 1051
777 2123
1429 3627
893 901
352 992
1218 1219
2080 2081
792 1955
2041 2598
355 357
56 222
1907 1908
267 899
201 608
3141 3142
2553 2554
1021 1043
29 1740
592 1466
1779 1780
899 2081
1892 1893
2688 3368
717 1738
218 221
59 82
0 2854
2983 3023
1056 1057
517 518
2576 3590
273 1344
1556 2849
3539 3543
2183 2185
785 1201
134 793
1824 1825
575 3432
1081 2316
717 720
1482 2294
2105 2106
1810 3981
3198 3200
2792 2875
1375 2318
2779 3465
2040 2594
1846 1847
1772 3618
2263 3432
1706 1823
3734 3735
370 371
1791 2455
1370 3351
1143 2056
1797 2229
916 923
2463 3993
114 890
3810 3811
2564 2710
2938 3449
847 849
1543 1546
1007 1008
808 811
569 2627
709 3429
3161 3701
2019 2020
713 1093
1936 3692
3113 3827
1049 2185
2833 2834
1182 1285
2953 2954
212 1624
1283 2503
1861 2747
733 734
3140 3840
466 1264
413 418
579 1411
2572 3394
1084 1332
872 2851
2273 2716
361 481
2880 3706
443 1218
39 186
1147 3079
1329 1417
3529 3930
276 2091
639 2748
2172 2173
180 1782
742 1817
1867 2176
3713 3971
1055 2368
1968 2902
1094 2377
2844 2845
2204 3368
3679 3680
615 2043
2192 2195
703 704
2332 2333
1441 1442
1510 2820
928 1668
734 1101
1823 2131
685 690
1581 1584
667 2411
74 278
2339 3102
3991 3992
2220 2224
2308 3411
3108 3109
566 567
1388 2468
706 1758
2915 3265
1880 3734
2934 3921
2316 2317
241 644
130 416
844 3797
1170 1173
2592 3598
3311 3635
3234 3398
3455 3457
882 2049
841 3229
255 257
247 835
83 581
2978 3782
2321 3750
474 2370
1577 2864
883 1866
3786 3787
1915 3851
1705 1706
299 2522
616 1509
3997 3998
2395 3847
2067 3265
480 1121
2317 3377
655 3304
1352 1423
360 361
1023 2447
582 583
2735 3678
3806 3807
2148 2149
416 2209
788 789
1790 2336
1274 2494
120 346
2683 2908
105 106
1978 1979
510 1338
678 679
3697 3698
1709 3993
2145 2685
2562 3569
1127 2308
525 672
2395 3169
1762 1763
1885 2273
983 986
2511 2512
2774 3196
2208 3369
2874 3064
255 3935
657 677
1896 1899
2018 3382
397 398
3312 3477
2585 3425
700 2920
481 553
1932 3206
143 483
239 798
1715 3020
3817 3947
1112 1507
858 2026
543 548
2909 2914
1598 2838
2966 2967
3424 3425
139 140
1630 2797
339 342
2300 2301
1843 1847
2713 3567
1092 2373
819 1887
1476 2765
699 700
1981 1982
3353 3354
365 366
2071 2406
170 1102
1069 2194
1182 1184
1399 1519
2757 2758
3265 3266
671 1646
1718 2055
2940 3279
1655 1657
421 440
1072 2198
3040 3042
1161 1163
1458 3669
1913 3185
2782 2783
529 530
464 1262
1145 2369
122 1002
2635 3614
1772 3617
1612 1911
181 2553
542 739
2077 2078
1915 2036
200 2099
1013 1371
1364 3328
750 1846
219 220
968 969
285 290
239 778
2661 2662
3864 3865
3098 3100
3465 3466
2708 2887
471 2490
1011 1012
1755 2818
2807 3528
2425 2562
67 68
1293 2507
722 1782
613 2792
2549 2550
311 955
3613 3614
1336 3475
3668 3965
1890 1891
2028 2029
46 568
1488 1489
950 952
53 54
3459 3785
3050 3470
3655 3988
1342 1343
3161 3162
550 553
1327 2551
1351 1428
3857 3974
1826 3371
2996 3211
3669 3670
2486 3032
2832 2835
506 507
1108 2316
1569 1570
893 2075
2732 3903
3397 3807
2158 3339
43 46
707 2188
679 1679
953 955
2530 2539
3662 3670
2181 2182
2547 2548
2510 2975
2428 3694
211 212
1619 2063
2513 3214
1609 1611
818 1876
1508 1639
87 90
681 1168
679 3772
1449 2940
2053 2054
1555 3170
902 2080
152 160
816 1544
785 1944
1688 1689
2603 3586
2255 3217
2422 3503
2218 2233
96 316
3253 3531
168 1342
2015 2016
662 2750
241 645
727 1805
2896 3663
2581 3581
1008 1010
1240 2436
549 1368
1516 1517
2490 3549
700 701
1856 3536
3667 3747
3879 3882
898 900
2687 2688
3854 3858
1242 1243
407 3583
3076 3077
1433 3634
321 322
1820 1821
1107 3418
885 886
1621 2919
2225 3373
3912 3987
3580 3589
1517 3604
1618 2912
2190 2191
480 1124
638 639
2626 2627
520 521
880 934
3704 3747
870 871
2913 2914
729 1811
376 757
1112 3739
2369 2823
1178 2360
1444 2432
2296 3381
2831 2834
249 834
3166 3167
622 623
565 567
1773 2544
947 2124
1375 2138
3043 3247
1041 1045
3435 3438
2784 2785
1801 1802
1816 2197
858 863
2064 2163
1027 1574
1852 3259
1107 1108
1212 2401
3800 3855
1905 1908
688 782
1254 1256
642 1582
860 861
531 1807
1615 1984
770 1685
990 992
368 2140
1572 2743
3116 3118
35 169
2643 2646
1030 2207
3786 3890
1041 2169
300 301
3288 3289
1150 1151
3383 3803
2312 3415
3425 3427
797 2839
3416 3586
1409 3616
383 1035
2420 2559
1985 1986
885 1848
1736 1737
1277 2374
3553 3920
1897 1898
1038 1039
3040 3041
1161 1162
1691 3003
179 1321
2035 3156
1481 3807
2105 2108
1104 1320
2259 2260
930 931
3823 3824
1740 2528
3091 3885
3675 3676
2924 3280
334 335
2020 2021
18 2114
327 981
505 534
196 895
2910 2911
3339 3782
1812 1813
1577 2790
3098 3099
1730 1732
419 2610
586 587
479 1287
732 734
1158 3203
956 957
1527 3610
362 363
364 1016
137 1255
1491 1657
3220 3221
951 952
3915 3972
2248 3074
1129 2306
3427 3587
3459 3915
2015 3239
50 918
1267 3016
3008 3643
1621 1836
2464 3013
190 3529
2198 3360
350 987
112 114
671 853
415 1096
1858 2057
3432 3573
495 2620
124 538
1867 2178
953 954
3510 3955
3662 3669
1454 1515
495 496
2893 3179
615 616
611 1558
3236 3240
2465 2613
1750 2044
349 3327
1972 1975
2392 2867
2258 2260
834 836
235 1950
1273 2485
1670 1772
2966 3774
664 1091
325 968
326 397
2556 3939
3272 3273
2396 2397
3343 3805
2343 2350
3553 3975
1158 1939
2878 3556
2170 2171
743 1833
1771 2955
236 790
217 1845
540 1386
3906 3910
3108 3507
1742 1743
1886 1887
237 791
3995 3999
1425 2664
898 899
2072 2093
307 308
3488 3919
422 1198
30 35
2965 2970
741 1828
1259 2229
202 3344
1181 1781
1170 2367
2193 2195
2920 3030
2225 3374
2389 2874
93 654
1765 3831
1818 1819
605 607
1203 2100
2795 2796
3303 3304
1790 2230
1139 1140
3707 3920
3114 3115
629 2322
2827 3485
1144 2521
2750 3262
3574 3802
1062 1063
3501 3663
3894 3906
661 1029
586 979
1168 2345
270 271
284 3152
1682 2968
2667 3036
3990 3997
3386 3888
2933 3471
1094 1201
1132 2771
2349 2353
3711 3970
1816 2196
2883 2884
585 1416
3537 3538
361 551
20 323
894 1458
1621 1765
1255 1256
2108 2529
3502 3503
3838 3902
2144 2145
1572 2742
1964 1965
3831 3832
3333 3337
3116 3119
139 1396
1096 1097
3817 3965
1761 3062
1429 3956
2473 2911
3932 3978
3085 3319
1766 3575
1535 1536
877 2817
3703 3748
1887 2974
243 866
3087 3478
2009 3756
1005 2131
2037 2860
2494 2495
3377 3419
1166 2342
1941 1942
3582 3583
2704 3651
48 197
1049 2180
636 2949
687 689
3479 3502
1360 2586
3318 3322
277 1432
815 1975
622 2082
1985 3225
3654 3991
666 2177
641 1579
407 3414
1251 1252
1989 1990
1916 3184
3984 3986
2076 2077
2705 2706
86 309
775 1609
296 2115
60 3588
2935 3752
3777 3820
379 610
2721 2722
1766 2259
333 336
3465 3468
1730 1731
3514 3923
169 501
1620 2799
1006 1271
1049 3264
2229 2458
3448 3449
138 472
13 15
2513 2514
2794 2795
2995 3347
2858 3732
479 1288
1044 2181
1810 1811
3190 3193
1117 3844
204 662
2681 3636
584 1229
859 2014
78 79
3124 3244
3280 3294
3263 3264
1297 2318
796 2423
2266 3761
499 3314
3055 3423
1237 1243
2075 3277
2738 2986
3518 3523
1326 1327
2320 2322
2526 2527
2390 3303
1862 2444
3928 3929
3600 3602
486 487
554 1013
1176 3853
912 913
3504 3507
366 1000
7 38
1330 1411
112 113
625 1452
1253 1254
2800 3521
1495 1985
621 1513
716 3565
3063 3260
3242 3861
1806 2784
1534 1535
3510 3954
248 846
1639 1640
3478 3480
1169 3443
1281 1282
310 2035
3516 3517
144 290
1033 3620
249 254
430 1295
1403 2632
675 2797
1830 1831
3850 3851
997 1704
156 157
863 2030
3636 3948
1427 3479
1377 1378
2511 2517
2048 3066
2764 2768
767 2970
702 1721
510 3053
3051 3540
670 799
821 1981
2915 2916
260 942
2596 3633
2250 2477
2104 3559
3939 3940
1794 3815
2770 3378
2123 2125
740 3835
642 1588
3157 3651
1727 2584
1493 3069
321 324
2802 2803
186 2696
1658 2043
2678 3639
225 765
2945 3565
1080 2618
1666 2252
2278 2281
748 870
327 586
823 1615
862 1507
1636 3281
1890 3178
383 2399
165 498
1502 3273
1711 3017
3779 3833
1352 1424
1695 3000
1287 2311
1918 1920
822 1982
2255 3243
1278 1492
1346 1347
3607 3609
1910 3309
1461 2742
774 1919
3396 3397
270 272
364 482
1940 1941
313 314
3163 3846
1805 3293
3435 3436
108 974
1854 1855
941 2118
535 1415
2483 3148
3537 3539
77 291
1520 2638
1050 1051
2385 3712
2379 2570
1915 1916
725 3022
652 653
2695 2736
340 341
576 579
3107 3962
653 654
3469 3473
998 1003
363 1726
172 463
359 1010
2813 2907
2313 2315
1373 3158
52 3872
1 3811
1969 1970
2565 3037
2718 2720
1661 2032
1570 3727
425 1699
16 17
1628 1629
477 2502
3133 3137
456 2060
115 333
2925 2929
1295 1488
1947 1948
1693 2355
1222 1223
0 1105
2605 3010
1156 2331
767 3166
1032 1511
2026 2031
1470 2754
677 678
2471 2473
2836 3917
1906 1908
1435 2677
114 115
1386 2522
3513 3514
72 270
2564 2982
19 103
2770 2771
2037 3125
196 897
356 994
940 2117
596 895
421 1150
1035 1036
1687 2986
1126 2291
294 1355
2617 2618
2176 3350
3079 3080
706 707
1817 1819
2926 3101
2860 3244
3778 3834
2245 2943
1850 2825
138 469
3788 3790
2009 3433
3542 3543
3164 3175
3623 3951
435 1491
266 907
3393 3785
507 1324
2588 2589
453 2591
1327 1328
645 1490
1547 1548
412 1136
3015 3832
690 691
2382 2383
241 1180
656 658
3456 3911
3570 3571
1172 3109
1565 1964
1005 1006
135 1202
287 1377
3452 3460
1411 1419
3600 3601
2083 2084
2398 2399
721 2933
1033 2165
45 1391
2133 3355
3880 3881
2690 2692
3237 3242
78 931
3415 3900
3932 3933
1298 3060
1592 1593
3478 3479
219 942
488 673
346 988
984 985
3375 3885
2209 2211
156 158
664 1089
224 337
1400 1401
675 928
2742 2913
573 2127
2159 3067
330 1305
1175 2355
1442 1471
3235 3381
1567 2830
1874 2974
97 3139
779 780
3660 3661
730 1801
1521 3711
2582 3312
3527 3839
1739 1740
99 311
1291 1595
1770 3894
2394 3177
710 1019
1203 3312
2753 2754
2266 3387
1020 1725
1473 2657
3748 3982
1344 1349
2488 2489
733 2550
1026 1210
694 1158
3461 3462
1851 2987
56 261
719 720
2595 2596
2538 2539
563 570
553 554
1181 1779
1397 3269
1479 2223
425 3001
1309 1310
235 439
1222 2483
323 969
813 814
3171 3172
3026 3292
2817 3864
626 1528
2194 3359
2017 3860
2956 3617
474 1334
895 896
2889 2890
1996 3071
3772 3773
3382 3401
355 993
788 793
848 861
3031 3769
1632 2186
2888 2892
1862 3136
1085 1086
1944 1945
2873 2874
2078 3670
2774 3200
31 3561
731 2544
1805 3296
405 412
1561 1961
3219 3220
1047 2183
45 190
1683 2723
422 439
230 2121
841 842
1413 1995
406 407
2695 2737
340 344
2194 2195
3414 3898
3653 3996
278 294
1115 1116
2927 2928
2633 2644
2246 2315
109 110
3178 3403
239 802
2744 2751
2701 3603
440 1197
1054 1055
2462 3522
2997 3444
665 1074
1044 1045
1473 1676
283 284
180 1310
1551 1981
1060 1601
2718 2719
1960 3719
75 76
708 3059
1525 2831
2495 3708
2616 3834
1701 3010
380 754
643 1586
254 2042
1710 3015
3733 3869
3362 3363
378 1029
108 869
2151 2441
494 2623
2783 2891
1446 3250
1497 1744
2082 3026
2636 3613
825 1979
2825 2826
2959 2960
628 1519
2789 2997
3210 3211
1391 3602
324 961
3489 3490
39 566
198 976
1103 1798
1510 3805
3002 3004
1760 3365
1152 2295
1685 1905
3946 3993
360 1222
2544 2545
3095 3704
1035 1037
3946 3947
127 2468
1002 1003
2779 2780
3125 3126
693 2365
2052 3260
476 1566
2425 3961
845 2002
3788 3789
1113 2033
56 885
3393 3786
3731 3980
1541 1560
325 975
3100 3115
3071 3451
208 687
2536 3484
1163 1164
3223 3224
1040 2168
385 1193
2865 2866
343 982
1785 3480
972 973
1220 1746
396 1095
3081 3567
3302 3958
6 505
2707 3823
268 910
2236 2238
3298 3299
2786 3299
2749 3688
2368 3472
946 1966
683 3779
2161 3192
1587 2870
212 388
3335 3341
3510 3952
2437 3517
1275 3348
190 569
1387 2211
2563 3957
2535 3563
1054 1331
2368 3061
3236 3239
189 3839
1127 1286
3892 3893
1468 2741
3588 3944
470 1228
3690 3692
21 104
1997 3389
2992 2993
424 1159
2357 2378
850 2010
2828 2994
904 905
1338 1498
2575 2800
584 1428
704 2413
1301 1509
718 719
2231 2232
3545 3546
862 2024
719 3040
3311 3640
831 932
3824 3825
1489 2292
3854 3894
247 3390
2118 2122
694 1159
3461 3463
2664 2665
1121 1122
442 2071
25 26
2059 2918
2410 2411
1369 1370
617 2206
3313 3315
3082 3325
997 1004
1580 1581
961 963
1392 1394
3698 3892
3606 3607
2730 3662
338 341
698 701
3615 3616
2177 2178
3041 3524
192 193
120 349
3210 3442
357 1616
634 1562
209 1939
1128 2012
142 205
756 1026
3990 3992
2933 3470
3878 3880
715 1734
595 1450
1376 2041
3916 3945
1335 2571
2546 3566
1160 1164
2637 3612
754 2154
266 2721
412 414
3750 3904
3018 3020
3004 3656
177 3145
576 577
2999 3000
252 326
201 606
1691 1692
263 265
1063 1091
1177 3464
1978 2849
461 1268
2834 3621
839 840
116 335
2653 2654
971 972
97 350
733 1317
2825 2987
3153 3873
2296 3078
2803 2812
1084 3474
955 957
1235 1244
2576 3580
3059 3060
154 2128
1884 3336
1250 1251
97 98
1558 3305
2718 2722
1208 1674
3624 3863
1719 1720
3605 3606
400 1199
1450 2501
1088 1760
777 952
2 3726
2041 3596
304 306
3006 3007
3909 3910
3318 3319
1784 3627
2094 3810
996 2692
1767 1770
135 433
618 619
3154 3155
2512 3174
3512 3992
2871 3542
807 3219
1273 3532
1731 3055
3002 3003
2192 3354
2487 2493
29 30
1259 1700
1961 1962
602 603
3439 3440
266 1460
3103 3104
804 1912
107 325
1750 2160
1884 2395
2042 3158
82 296
923 924
3673 3674
2463 3702
2850 3729
145 3584
3433 3757
672 2223
411 2621
599 2419
2060 2149
106 107
723 1439
3921 3974
81 256
1680 1681
446 1040
868 3728
36 2466
1481 3696
2086 3744
3250 3251
1549 1983
1631 2172
3658 3659
3471 3472
2865 2867
3282 3434
541 542
2446 2447
3460 3696
426 428
1669 1675
230 1924
1044 1634
1273 3256
1535 2319
3744 3745
3829 3830
1940 3458
995 1620
2661 3589
2392 3557
2038 2039
2304 2305
446 2172
526 527
1211 1215
2732 3682
3004 3005
2088 2090
2402 2407
37 2251
1154 1155
2816 3233
1822 3052
512 513
2584 3795
226 227
447 1366
285 582
1427 3936
5 158
240 1970
3130 3551
1060 1337
524 1206
1368 3353
1543 2839
2654 2655
3929 3930
2067 2175
1684 2716
431 1775
991 992
20 107
824 1978
2745 3917
237 795
2213 2215
2921 3257
1734 3207
1325 3694
651 1644
892 3272
1849 3550
2965 2966
1316 2227
2232 2605
967 971
2380 2808
3775 3919
1608 1610
631 1532
748 873
631 1399
1369 1371
390 2214
184 3625
2938 3760
403 1122
3199 3203
452 483
1579 2868
671 2012
67 3267
1392 1393
2889 2892
475 478
896 897
674 1379
742 1265
1624 1758
551 999
1645 1647
16 77
91 223
1857 2411
519 929
1697 1698
504 1320
396 1827
1481 3908
1637 3871
3878 3879
837 841
445 1219
2618 3765
1362 2589
279 280
2165 2407
921 3088
641 1587
3268 3269
3666 3947
3577 3759
386 3118
3611 3615
77 286
1321 1785
3238 3239
8 42
3018 3019
1982 1983
1880 1881
1673 1675
3485 3486
3349 3350
312 313
2642 2761
1115 1118
263 264
2912 3730
754 1851
400 401
2125 2126
1635 1636
560 2603
2458 3520
1216 2404
3981 3994
3770 3875
3372 3373
1176 3208
183 2947
1069 2196
3381 3398
304 305
786 1193
2902 2906
1906 2715
2666 2667
3933 3934
3869 3870
3909 3911
646 1878
1014 1497
175 1339
2794 3754
2921 2922
2471 2472
1066 1751
1778 2309
633 3718
1902 1903
1655 2288
27 162
3684 3883
1367 1375
3642 3765
2467 3526
1304 2303
1588 1590
1144 2326
78 2590
1690 2998
26 147
3422 3430
3149 3150
2327 3499
1625 1626
3392 3509
2979 2988
2052 3258
1012 2482
2777 2778
3285 3286
2717 2721
946 947
163 164
213 1220
116 118
1090 1091
2079 2631
805 2907
436 437
1142 2732
2272 2715
3334 3849
242 1186
1157 1160
2805 2806
262 751
657 1613
1641 1642
1279 2499
387 2574
489 511
2193 3364
1353 2578
908 3274
1516 1523
3024 3105
475 1281
1694 1696
2849 3172
430 644
681 1692
2184 2186
2119 2120
1553 2803
415 1107
3320 3322
1998 3758
2448 2449
1324 3655
1623 1624
2854 3142
1183 1185
2453 3704
3898 3900
109 356
1652 1821
2516 3222
2587 2588
1821 1822
883 2066
2423 3391
2731 2734
37 2250
466 737
2248 3530
1 9
2209 2210
1348 1349
1395 1443
1878 3746
34 329
2574 3115
3134 3250
1438 2683
1214 1632
298 879
165 166
1935 1936
2668 3454
2006 2007
1759 1760
1326 2540
670 803
188 564
3952 3953
935 936
1842 2509
2090 3307
3009 3010
2370 2374
1917 1918
127 408
2689 3146
844 2939
2072 2073
2003 3231
441 1460
2369 3749
3411 3413
3202 3203
980 981
2678 3635
1338 3054
43 44
876 2270
1713 1714
748 874
900 3279
2337 2338
1201 1945
2453 3813
2694 2909
2711 3658
1601 2187
1271 1869
381 2397
2921 3749
2938 3759
1104 2239
1727 1728
2050 2051
709 1755
3105 3287
3547 3548
2702 3648
2261 2262
561 2946
2051 3259
1053 1192
674 1380
1155 3089
355 574
516 1340
1083 1837
3387 3388
905 906
871 972
720 3764
573 574
2323 3769
3574 3575
474 2498
1827 2479
1947 3445
1927 2120
3105 3820
179 1311
837 840
1289 1290
8 1466
2047 3256
1397 1398
824 1983
2827 2991
373 1569
1691 2345
1070 1824
1673 1676
3595 3599
3304 3491
3579 3832
3301 3941
1161 2332
312 316
2536 2537
2101 2102
1914 3850
1452 1514
2104 2381
2693 3672
1319 2228
98 348
2002 2815
622 3867
772 944
1754 2323
3671 3967
2167 3641
315 316
3499 3500
1539 2651
416 3418
2418 2428
2610 2611
1123 2294
2160 3343
595 2766
1554 1555
448 449
3440 3441
502 3829
322 953
1606 3191
3922 3924
1288 3412
206 1889
3697 3891
3605 3608
860 1662
231 434
2684 2685
1812 2552
123 205
2386 2829
1001 1370
1751 1752
1221 1297
3384 3385
3823 3828
1073 1075
3323 3324
2815 2816
150 153
1588 1589
1159 1717
370 484
399 1116
629 1529
1504 2809
781 3198
3522 3523
1209 1224
451 1230
3014 3015
4 95
2336 2337
2011 2012
262 892
1039 1052
2996 3571
2608 2609
1904 1905
602 605
3709 3949
1160 3439
2566 3069
2314 2315
318 2125
1549 1551
2979 2989
3686 3838
3289 3438
1882 1883
85 302
3771 3772
33 168
3673 3676
530 1798
3072 3073
3143 3145
1658 2937
2341 2342
3964 3979
1478 2415
2014 3235
2471 3685
1573 2696
1658 3158
1014 1671
867 3729
3966 3967
3027 3104
151 152
3117 3118
403 826
1279 2500
391 2188
3591 3592
1529 1536
1147 2787
1274 1276
1292 2514
960 962
3096 3097
2823 3348
1510 3700
1694 1695
2345 2711
460 1251
3628 3805
1266 1620
142 675
2475 3730
1879 3161
2480 2482
1465 2724
801 1967
1153 2311
47 2708
1200 2777
2673 2739
1511 1512
2871 2884
3070 3806
1524 1525
1374 2524
3898 3899
2513 3213
2018 2255
2029 2816
544 545
2460 2461
1714 1715
220 943
2020 3127
1822 3054
1417 1418
791 793
424 1162
2005 3232
825 1549
2558 2560
3376 3836
864 1646
584 1427
1137 3525
2701 2702
2575 2659
1351 2561
532 534
3248 3249
1574 2851
1833 1839
3895 3978
2943 3123
3545 3549
1071 2199
9 1438
2479 2853
211 1066
3252 3534
3976 3984
196 264
712 3060
1748 1749
3791 3792
3184 3186
732 1815
1921 1922
2542 3830
522 581
452 1007
637 2829
2642 2643
1315 2236
2059 2915
2703 3134
2506 2507
1147 1148
702 704
2134 2136
1829 1832
232 1946
646 647
1119 1120
3889 3952
396 2215
1874 1875
129 131
2973 3164
2261 2265
3306 3308
2039 3246
111 198
643 1594
457 1246
40 41
1635 3103
1967 2904
2291 3809
659 1242
100 313
577 578
2846 2972
1100 1469
1133 2944
2606 2607
1747 1757
1788 2881
3496 3497
3182 3722
2508 3271
3545 3641
459 1627
487 2524
783 1940
3611 3613
757 1864
3399 3400
893 894
3020 3089
2727 2798
3155 3948
1016 1017
2279 2280
1462 3646
2328 3758
176 303
843 2256
1631 1634
2632 2633
3156 3157
3347 3420
1686 2564
613 1496
773 801
1141 1142
1667 3593
2961 2962
1245 2149
604 605
1539 2652
3392 3460
182 522
1568 2502
2275 2392
1408 1410
2674 3544
2739 2740
1786 3086
1694 2333
351 352
660 1237
63 3944
2829 2830
3922 3923
1157 2337
2991 2992
2931 2932
162 163
3639 3640
254 2038
3509 3893
2212 2691
95 96
563 1573
2141 2142
1679 1680
32 33
485 2525
1726 2588
437 438
236 839
2802 3720
3405 3406
1221 1296
1271 2480
635 821
3286 3572
19 98
1650 1651
3752 3754
2408 3328
3477 3581
551 552
958 962
3726 3727
2630 3844
766 1879
1131 1304
1198 1199
1685 1901
2687 3367
1285 3695
133 134
2455 2456
392 617
395 3731
2173 2174
283 2110
1008 2429
10 50
1578 2877
82 297
1278 2372
348 350
1782 3082
3310 3634
3164 3168
2348 2349
2571 2572
844 1949
479 480
3143 3144
1873 2124
1398 2419
2045 3032
966 970
122 2689
2307 2310
554 555
1679 3177
1550 1557
1674 1675
3568 3569
1590 1592
436 1199
3487 3489
1102 2228
2912 2914
3442 3443
147 150
3725 3837
2934 2935
3958 3989
2765 2766
515 516
1537 2320
1552 2811
3601 3929
2267 2268
772 773
268 914
666 668
667 1622
2980 2981
1093 2500
2393 2949
2152 3332
159 161
3119 3120
2615 2616
1390 2440
2340 3019
2451 2941
3276 3278
3032 3033
2530 2531
757 758
406 411
1183 1187
2088 2089
3407 3856
827 3388
2778 3394
883 2068
485 486
1383 1384
426 1951
1417 1421
499 1307
2558 2559
1900 1901
2082 3295
3376 3835
726 3090
1410 1539
1893 1894
3090 3091
935 2111
2382 3038
2197 2200
3976 3985
2095 3811
1681 2962
1930 2159
2068 3350
3454 3909
967 968
1793 2726
3289 3819
2724 3665
340 352
3840 3841
1266 1833
594 2745
88 94
1358 2585
2134 2135
2711 3660
2948 3732
1467 2746
649 2518
2495 3552
1021 1472
1187 1188
1771 2759
3066 3067
1786 3081
2611 2613
2203 3120
2554 2555
2421 3502
2644 2645
2709 2888
317 320
1032 2162
286 2598
3306 3307
2130 2807
1804 3091
1063 2189
2645 2646
1778 1779
608 626
811 1508
1263 2474
2426 3506
2606 2608
213 708
3271 3554
1593 1605
1335 2567
2870 3538
1530 1531
2095 2096
2477 2858
3414 3415
2971 3175
884 2402
2780 3690
347 991
2531 2534
2042 2043
1858 2145
1612 3308
2127 3980
2152 2869
3445 3446
1058 1194
2085 2892
2237 2470
799 800
1754 2325
2233 2545
3761 3797
2034 2863
2891 3744
1700 3884
182 521
1680 2964
1919 1920
427 428
3257 3348
1814 2549
393 713
2597 3247
1804 2927
264 904
1002 1869
253 870
1606 2791
3386 3575
2730 2896
2837 3715
298 540
374 378
3052 3054
2550 2552
32 34
2435 3329
3087 3936
2196 3361
1239 3331
3229 3230
80 144
3453 3907
2072 3155
1167 1178
2696 2697
2452 2659
3902 3903
1855 1859
922 924
1965 1977
2084 3284
2454 2459
2592 3326
3818 3982
3752 3753
1205 2582
399 1114
3024 3291
2422 3916
368 2318
1697 2363
2557 3937
2192 3358
2106 3317
440 1124
2461 3521
533 534
3187 3188
747 1116
2682 2683
2031 2032
2842 3781
2214 2215
938 2122
2717 2720
1025 1026
1293 2516
1766 3802
348 349
945 1873
3623 3953
2903 2905
2432 2440
853 854
1171 3457
2341 2344
3458 3892
765 1918
2979 3305
3884 3885
2681 3637
1321 3564
1462 2693
391 1092
1702 2242
930 2524
24 1233
1746 1749
151 154
3117 3120
315 940
3610 3716
515 517
3493 3849
1572 3680
1052 2184
64 73
3683 3685
1354 2533
985 986
3258 3259
174 516
2306 2307
2442 2443
907 913
843 1996
1556 3706
194 993
2276 2277
1495 1496
159 160
1703 1705
3064 3065
1249 2747
1390 2439
615 2593
1042 2143
2768 2769
1724 3030
2673 2741
1809 3733
2942 3007
1025 2142
571 2085
728 3294
1323 2425
2358 3914
544 547
1615 1875
1192 1194
2662 3326
3281 3290
825 1547
1844 1845
1888 2881
2102 2103
1501 3401
560 1666
3592 3594
894 906
2239 2541
2362 2363
434 2288
2308 2309
532 536
3451 3858
602 3610
34 980
1612 2076
211 1064
3743 3745
406 2312
2663 2665
2097 2908
431 3471
1104 2540
3481 3503
2731 3679
703 3029
2886 2901
1889 2394
3913 3973
2187 2371
2418 3027
3047 3390
417 1138
3146 3149
771 1906
88 93
2133 2958
884 2065
2876 2877
2553 3081
907 1459
3968 3969
3374 3883
2699 2700
1457 1670
511 517
2289 3405
2671 3628
1925 1929
1771 2760
3449 3450
10 11
387 388
2822 2823
774 820
623 1515
292 583
3408 3413
514 3313
1571 3731
3876 3877
1095 3881
3953 3954
889 920
3426 3427
661 3331
2049 2050
2441 3133
3182 3724
2676 2963
1557 3214
828 1989
2335 3112
1189 1191
1613 1614
269 1350
176 178
2276 3556
216 3094
3297 3751
1924 1927
369 371
735 3114
1472 2751
862 3240
3638 3640
3974 3975
246 1997
1718 1719
1518 1519
1545 1546
3761 3798
1105 1106
609 1457
971 975
2615 3833
879 3558
1030 1276
1123 2297
1065 3114
2600 2601
2534 2537
620 2821
1578 2796
187 189
199 603
148 512
3722 3850
1006 1012
2991 2994
1980 3172
401 1197
3813 3816
314 315
3385 3886
66 67
1934 3691
1278 1763
3049 3700
3649 3722
2818 3031
2837 3716
1061 2919
2188 2189
402 403
3028 3103
865 2027
1542 1545
72 3085
735 1820
1260 2547
2775 2776
1594 3539
3378 3416
101 106
666 2169
1902 1907
1988 3223
376 1860
1764 1765
565 3527
1073 1074
753 1843
2805 3933
3489 3782
1109 2017
25 155
3839 3841
4 102
1340 1341
601 2737
29 33
533 535
1356 1991
306 307
2999 3111
1328 2943
2416 2418
2557 2558
2280 2281
3249 3251
1966 1967
85 305
238 788
291 292
764 1874
2691 2692
1430 1503
1627 1628
3360 3362
372 374
1325 2785
2903 2906
1873 2126
1305 2527
2256 2258
141 476
2676 3494
2964 3773
701 1718
2668 3622
3280 3286
2264 3389
1100 2216
1414 3580
1303 1672
2289 3076
1277 2497
2843 2988
151 157
1599 1976
2765 2768
2234 3075
668 1225
1437 1840
1129 2299
1059 1196
457 2753
184 532
129 2611
538 710
42 3931
1764 3579
670 2813
3943 3963
494 495
2833 3420
1106 2251
2599 2600
2810 2886
148 330
1568 2767
2099 3311
1937 3201
805 1913
1241 2435
637 2827
1871 2680
1418 1419
1343 1344
3162 3163
1817 2199
128 1139
363 1742
3193 3742
2465 2522
1286 3809
2268 3129
1430 2079
137 458
2840 3629
1665 2016
1316 1318
1789 1900
1166 2359
1819 1832
1098 3133
1027 1028
634 1548
913 915
508 1416
1801 1808
432 1602
657 658
716 2984
469 470
877 2022
36 515
1912 1913
837 2328
3234 3235
2727 2728
3824 3826
1741 2525
3455 3456
1753 2573
167 1305
3243 3400
1999 2000
1463 2739
1618 2694
1591 1592
1184 1185
1708 1710
13 578
771 1909
2897 2898
3380 3417
1877 3630
3968 3970
797 1961
1399 3994
2421 3504
3215 3216
730 1328
1932 1938
208 781
2290 2292
1292 1963
1484 1485
455 3132
2637 2642
467 1267
1834 2919
1154 3096
768 1902
775 776
594 3808
2842 2843
917 3625
810 814
2855 2986
1219 2405
1677 1678
99 322
1707 3009
2341 3783
3359 3363
813 1595
3611 3612
559 560
3244 3245
2746 2995
208 209
1189 1190
2555 3152
982 984
354 1401
1040 1041
2924 3102
510 685
2285 2287
2463 3946
2722 2809
2791 3699
109 117
1994 3129
3554 3705
2671 3708
1453 1454
179 181
1306 2582
2233 2543
1394 1395
2472 3374
539 550
676 3490
1030 1275
2752 2755
2761 3618
2243 2244
1527 1528
2346 3210
2269 2356
1401 3140
199 604
2400 2756
1031 1930
388 684
3804 3886
25 2583
686 687
1533 1534
2775 3197
51 2682
174 2467
1849 3130
784 1941
2111 2115
1072 2203
2648 3969
2385 2629
1046 2167
710 1361
3181 3649
974 975
404 2546
1778 2304
2836 3714
761 1841
2282 2723
2454 2457
796 1959
1376 1377
3252 3253
753 1842
1109 2014
2990 3073
695 1711
84 580
2762 2769
1390 2433
2964 2967
2058 3262
2360 3462
1865 1866
2680 3327
929 931
2327 3423
42 44
410 2246
3264 3266
2563 3940
1436 2705
393 1085
3360 3361
663 3429
1181 2307
1654 3395
1931 2824
3959 3961
2457 2460
3910 3912
591 2856
919 920
438 439
295 300
2641 3620
2296 2814
1172 1173
2594 2595
1609 1922
1631 2170
1226 2168
372 1098
2442 2445
3214 3717
1521 1523
1729 3424
482 1296
1848 2098
1048 2179
65 723
1173 2349
1949 3577
3506 3508
3276 3279
1126 1127
203 2842
2942 3092
367 2139
2451 2452
244 3159
3754 3755
2906 2907
1451 1453
1323 2427
1258 2437
1420 2383
2587 2686
282 283
2790 2867
1653 1654
724 2776
2794 3225
3779 3780
850 2005
3025 3026
1067 1068
848 849
3733 3793
1098 3132
663 3796
863 2007
2476 2625
1897 1964
2746 3949
1024 2446
1569 3728
908 909
597 896
183 2858
875 1115
594 3609
502 2543
1246 1247
559 561
3387 3797
243 1649
2424 3578
2200 2201
89 343
1600 1761
2370 2371
1783 3085
2232 2607
68 197
699 1719
2334 3282
3131 3139
3530 3763
3057 3058
228 260
918 2094
606 1454
1705 1825
1128 1129
2290 2293
1536 1537
643 1590
867 973
1275 2822
408 2622
764 2880
3853 3951
2852 3039
192 1400
90 345
3844 3845
506 925
229 230
420 422
2419 3501
1666 2944
688 692
497 498
982 983
3595 3596
2285 2286
1293 1294
790 791
505 506
1546 2518
2505 3393
634 3717
833 835
1907 2272
182 828
2375 3204
3135 3258
2389 2724
2838 3222
1951 1953
3711 3712
1446 2274
588 589
708 1756
3255 3256
547 548
1729 1730
2743 2910
3300 3938
1299 1300
2634 2635
724 782
369 1672
3181 3182
457 1470
1634 2171
193 194
3681 3904
755 2693
1857 3034
472 3033
785 1491
1225 2410
2745 3713
3211 3508
3246 3865
633 1542
521 932
806 1499
3789 3792
2155 3338
2631 3154
1032 2820
2674 3191
1046 2170
606 607
489 490
878 2039
624 1514
3204 3206
922 925
2033 2034
637 1567
3039 3042
1959 2670
463 1306
1376 1380
86 303
408 409
1597 1599
2398 3261
1692 1699
794 795
1993 3128
794 3070
3089 3097
2845 2846
2923 2924
1121 1182
673 1668
2636 2651
188 189
783 3893
1976 1987
3890 3891
948 1926
620 2791
16 288
1514 1515
253 966
1640 1641
769 1899
3151 3327
3332 3336
2258 3760
3144 3588
1585 3537
1172 1174
3518 3703
1607 1611
3341 3342
1482 1483
1735 3036
1410 2657
335 336
2478 3371
2756 2918
711 1623
2132 2409
298 299
1490 1987
1009 1010
66 3268
612 1405
2897 3964
250 845
146 147
79 80
1742 2139
802 804
508 509
1659 3383
2751 2752
3365 3877
2496 2497
14 15
1480 3298
1111 1997
2498 2499
851 856
2616 2985
1150 1287
508 533
2202 2203
1619 2059
3030 3875
2939 3762
1451 1452
1531 2835
692 1715
1313 2538
2809 3705
780 2789
2936 3326
220 938
1487 1489
131 2465
3922 3990
3603 3999
3540 3699
1683 2284
1610 1923
3723 3724
3592 3595
2253 2603
1311 2535
2343 2347
372 2150
3989 3998
2387 2769
849 878
818 819
1291 1557
3835 3836
2352 2354
755 1687
3180 3723
1977 1979
933 2112
1856 3548
562 3525
1433 1434
1130 2302
382 384
944 946
3277 3278
3527 3528
2264 2265
1314 1814
1400 3141
880 881
2951 3345
1957 1958
3596 3597
1455 1892
1877 3632
1421 1423
1422 1424
511 512
3400 3740
1722 1858
1208 1407
1231 1232
727 728
204 2773
865 866
587 589
2988 2989
1101 2221
191 571
850 3757
1394 2701
2841 3180
889 891
429 3467
213 712
1276 2160
166 3562
1064 1065
770 771
810 812
1440 2446
1135 1136
3585 3767
3228 3624
572 1397
3359 3361
3653 3654
52 597
2240 2241
228 752
2377 2378
2793 2877
1662 3382
2262 3227
2279 2283
1664 2027
1495 1644
71 275
3950 3986
2121 2122
1125 1146
2673 2695
462 2606
2214 2254
2004 2006
611 2843
632 1538
2840 3721
1391 2475
2459 2726
1034 1050
216 3667
747 3126
979 980
173 464
2547 3092
2592 2599
111 274
1566 1567
173 1385
695 2450
1206 1354
1671 1672
3325 3842
1485 2814
2070 3263
589 978
2222 2948
2712 3568
784 1952
2027 3905
644 1650
2111 2113
550 552
1859 2436
529 2929
2996 3983
528 531
386 665
394 638
3480 3481
1165 1167
745 1668
2046 3135
1004 1005
1165 3106
2434 3516
1734 1735
1270 1827
2923 2925
384 1207
1128 1506
1077 1081
3847 3848
3970 3971
2365 2998
2329 3802
3094 3095
2327 3421
2600 2662
2416 2417
1432 3310
854 1505
1059 1602
2866 3736
886 887
161 491
2152 2155
1926 1927
1831 1832
3458 3787
2109 2110
1379 1667
3578 3945
1623 2190
2256 2257
3663 3664
3254 3500
2066 2067
3038 3481
966 967
2658 2927
537 539
1213 1215
3739 3905
1385 2610
546 1000
3607 3917
864 1664
2555 3567
1836 1838
772 1916
1649 1650
3543 3544
166 167
1322 1323
1903 1904
2380 3139
1409 2957
2625 3603
2583 3980
2 3476
2478 3370
3160 3224
216 744
1554 2974
2241 2242
1529 1530
1559 1888
1244 2433
759 1351
3645 3646
2492 3547
1405 2652
3753 3755
3175 3771
2523 3216
2061 2744
752 1925
2324 2325
1164 1712
1952 1953
1507 1665
110 329
297 300
14 75
1200 2775
124 1001
760 892
3086 3812
2734 3995
2426 2427
132 3143
138 2174
3101 3102
2952 3340
226 876
721 1776
1876 1984
705 1744
57 520
137 459
1506 2301
2763 2764
2262 2263
1493 1494
232 779
161 162
488 1303
2699 3601
144 929
2253 2602
1011 1823
3790 3791
3402 3895
1713 2462
3940 3941
471 3536
680 1674
1806 3515
1122 1124
1075 1076
2114 2115
592 2679
1282 1447
3735 3736
2703 2704
382 383
1855 3331
3093 3766
642 1575
3513 3659
1607 1966
762 1848
251 865
1721 1722
1780 2305
2951 3346
3819 3820
1142 2321
2294 2295
1462 1463
1892 1896
3695 3809
1518 3870
1421 1422
1422 1425
691 1498
1948 2505
677 3771
2540 3123
693 694
2709 2889
1019 1020
3408 3409
1134 2235
432 433
3598 3599
389 390
3409 3410
1292 1294
1776 3707
2804 2806
2299 2301
2493 3130
1868 2583
3320 3873
438 784
2519 2822
745 2271
758 2435
245 828
1022 1024
1459 1460
2657 2955
373 374
2759 2959
1082 2690
1190 1192
3147 3149
2202 3362
1659 3045
1230 1232
1603 3194
1257 1853
2237 2239
3383 3385
1366 1374
3890 3950
1356 2268
1283 2387
3520 3521
318 319
433 1601
2840 3724
1919 1923
3822 3924
2869 2952
1381 2253
289 519
1696 2982
1781 2306
2096 3319
385 2286
3050 3051
2208 3878
3773 3774
341 342
61 178
3574 3886
198 587
1520 1531
1582 1583
3412 3413
1872 2098
1716 1717
1184 1777
2403 2404
1859 2437
2107 3316
73 1439
1363 2484
2875 2876
527 3751
814 2515
3519 3747
389 1078
1165 1166
1169 1174
1254 2859
3684 3685
1798 1799
3913 3914
1324 3996
2106 3314
2660 3207
273 274
1614 1888
928 1630
2456 2457
682 1701
473 2486
3057 3352
1499 1508
12 1372
1218 2406
2400 2772
2135 3356
1926 1928
6 184
783 789
2748 2749
2504 3604
676 3072
1213 1214
3859 3860
2218 2219
2025 2026
1268 2478
2220 2221
1836 1837
467 743
1382 1383
2661 2936
1845 1846
2277 2282
1113 1114
3241 3242
2733 2734
2604 3585
2707 3653
2219 2238
397 2630
1345 1347
20 312
126 1133
1864 1865
1265 1266
855 859
2884 2885
3324 3325
3546 3547
2034 3245
2532 2533
2873 2977
245 1111
238 3509
2779 2998
1146 3080
1986 2819
627 628
210 1717
3027 3693
2153 2158
3333 3738
2844 3964
705 1743
1298 2521
2363 2364
423 2330
1815 2469
258 1847
910 911
37 38
1555 1556
1204 1205
432 2371
806 1971
2494 3068
2882 3407
1179 3622
58 62
639 3674
2551 2552
1477 1478
2899 2900
2235 3565
2387 2767
40 187
673 674
464 1204
540 1365
2646 2647
207 1406
1070 1703
786 2287
2161 3741
13 3573
1237 1865
2649 2650
288 289
3043 3864
1785 1786
1992 1993
2650 2651
1300 1363
1999 2004
2962 3494
1353 2108
202 618
651 1496
3794 3831
19 3131
2810 2905
1626 1853
838 1954
2319 2831
1642 2930
281 759
3926 3995
130 2211
3335 3492
3417 3524
446 470
925 3872
3441 3789
404 2247
714 1762
57 831
1464 1540
1263 2472
1602 2374
367 1020
2276 2899
519 930
504 1326
2560 2561
1747 1748
3962 3963
1739 2526
142 488
1022 1023
420 421
1853 2861
373 375
2523 3127
3147 3148
798 803
2104 2107
214 2567
1257 1854
2737 2738
926 937
317 949
2554 3082
2802 3187
989 990
468 1272
1808 1811
3918 3919
2328 2329
887 891
3397 3889
145 153
149 150
133 234
314 2116
3473 3708
1138 3419
1526 3709
3606 3710
3168 3774
545 546
1629 1630
3833 3834
2436 3330
2916 2917
1541 1543
234 1146
1445 2702
205 1671
926 2100
1565 2511
1177 1178
1404 2637
1444 2626
2757 2773
817 1599
3462 3464
1914 3186
1058 2569
1582 1586
3860 3861
2272 2895
995 1082
39 46
756 2177
833 1992
1511 1750
3136 3138
3519 3748
2439 2442
1597 1598
641 2157
1284 1568
3555 3717
1426 3209
838 842
1704 2131
123 1250
122 389
1587 2885
366 543
500 1313
194 195
248 829
3424 3768
2890 3827
3288 3437
362 2134
2952 3334
640 2037
2506 3219
2264 3798
2542 2543
3696 3697
640 1629
2653 2994
2781 3110
3011 3369
2501 2502
2658 2929
2066 2069
3038 3483
2187 3062
2760 2953
2982 3112
3764 3778
2772 2773
1842 1929
284 2713
1015 1017
2428 2784
295 296
1234 1236
3052 3099
2609 3009
276 1841
871 874
2103 3581
1574 2863
1430 3274
996 997
1901 3303
726 2658
1249 1471
227 746
3585 3586
2116 2117
2202 3119
2180 3263
3725 3726
454 1570
191 2887
69 267
2197 2198
1645 2011
2788 3695
3862 3863
2814 3079
2492 3541
3159 3160
1288 1289
2655 2656
1669 3342
1332 1334
185 2477
2011 2303
2532 2536
1360 1362
14 74
1583 1584
1319 1812
1089 2206
28 722
832 1373
765 818
1488 2305
1357 1497
2019 2804
3021 3788
1942 3787
2556 2559
910 914
2688 3642
1520 3674
2372 2500
1443 2855
632 3643
645 1597
94 939
2864 2865
963 964
3650 3845
914 915
582 1414
3090 3884
57 256
1977 1980
136 484
590 2092
2649 2653
588 977
1813 2551
1796 3012
1431 2394
278 279
3193 3194
2612 2614
651 1604
2506 2515
759 1784
197 596
2273 3404
927 2531
2913 3927
235 427
787 1419
684 711
2127 2128
617 1749
1745 3046
585 2557
2656 3608
3110 3923
3712 3715
1078 1079
1015 1367
475 476
1469 2740
2376 3205
1870 1929
1239 1240
2070 3349
2414 3498
2934 3225
1384 2945
2216 2217
1828 3123
2595 3632
2584 3426
310 945
2570 3395
1709 2464
2719 3270
1576 1584
99 319
3783 3852
1461 3926
2632 2645
2968 3848
2346 2347
1784 2713
195 338
3308 3309
2379 2573
1101 1479
989 3528
3430 3431
626 627
638 2639
2017 3237
2376 2378
1731 3497
2798 3523
228 229
523 2094
458 460
1492 2499
1933 1935
1451 1517
3028 3434
28 30
2046 2048
3269 3501
1596 2878
3298 3439
2747 3136
1208 1677
1992 2576
265 600
2068 2069
1141 3838
1108 3377
1939 3199
964 965
1186 1187
1537 1538
597 598
1175 3459
1466 1617
712 1087
1135 3526
817 1883
703 1727
3329 3516
1269 1270
2908 3088
736 1824
3701 3846
725 1157
3074 3380
118 588
342 983
2527 2528
246 522
2923 2928
1017 1018
1708 3013
530 531
285 306
742 1829
667 669
2245 3121
481 2481
1562 1564
2412 3495
1134 2945
500 2530
2690 3369
186 563
537 1019
690 2728
3960 3998
214 1600
858 3862
1737 2852
170 729
3011 3370
1259 2451
1238 1242
381 1036
829 1745
24 132
3384 3887
319 320
1472 2061
262 761
376 1023
3493 3848
104 105
1245 1246
2503 2504
3074 3075
1221 1374
1195 1196
2120 2121
2230 3375
888 890
1163 1480
1834 1838
2182 3349
1248 2443
2672 2882
868 869
829 830
3677 3678
362 2686
103 105
2510 3554
59 255
1389 2705
124 555
2856 3672
842 1956
1736 3039
1325 3112
1852 2049
3221 3222
2212 2213
852 853
3681 3682
3434 3693
1229 1231
1835 1839
3656 3657
659 2060
804 2811
2712 3659
2366 3455
275 3626
229 943
1234 2431
328 329
61 62
3316 3317
231 1195
1746 2206
413 1137
1576 3333
180 181
3686 3967
3299 3441
1830 3366
3965 3982
776 777
2366 3209
2356 2997
2649 2652
288 291
1917 1928
1932 3195
1431 2393
1571 2854
53 2706
2355 2356
225 2975
902 903
3352 3354
2364 2365
3808 3969
128 2617
206 656
443 1052
669 2410
3 87
1217 2725
1037 3261
761 762
2749 3644
66 571
3140 3141
1261 1262
2110 3320
535 536
1843 1844
585 2560
490 1388
136 369
1512 1930
583 2601
148 492
1870 1928
2900 3746
2990 3665
3756 3803
1322 2563
3821 3963
111 327
745 746
923 3638
2132 3150
202 2161
1828 3122
410 411
1807 1809
954 956
3195 3197
2157 2158
367 1018
1732 3035
1284 2830
715 1769
332 334
3034 3254
1792 1794
1022 1025
31 171
1393 3600
2675 2790
3776 3918
688 689
2535 2538
1948 3446
1042 2448
461 3016
1402 2633
1134 2619
2703 3157
936 1204
1110 3230
233 234
2578 2580
1712 1716
610 1217
938 941
1783 3321
62 63
1759 3363
1933 1934
1086 1093
547 1018
2291 2292
2361 3463
1544 1598
1200 2375
525 1382
2267 3384
625 2503
799 1640
463 2381
50 51
1085 3552
600 3310
2420 2427
1130 1645
2847 2881
822 2886
2766 2767
65 115
1994 1995
766 816
1872 2097
2003 2008
1474 1475
1320 2470
2146 2147
2710 2785
1220 1747
1483 1484
2283 2284
1909 2714
1335 1337
1143 2388
1561 2848
769 3173
1193 1196
23 222
1194 1195
3055 3056
3035 3495
693 1689
1162 1716
1945 2777
1103 1807
1087 1088
441 1504
1525 1526
55 1304
789 1953
1795 1796
1942 1947
395 1105
1068 1764
1638 2801
2819 3051
3679 3682
1051 2163
41 188
1083 3666
1752 1753
1552 1553
1171 2348
2386 3485
1656 1943
2672 3755
1856 3260
1946 2357
1302 2591
2275 2278
3764 3780
3290 3292
2354 3442
872 2033
3616 3617
1909 1910
2016 3236
981 1342
2116 2119
2518 2839
2687 2853
2074 2077
2207 2519
3718 3719
888 889
450 2501
47 48
936 937
846 847
3512 3924
2342 2343
3625 3626
2607 2609
2901 2903
2624 2698
79 85
682 3830
232 2376
3784 3821
613 1591
2485 3535
3008 3373
635 1291
123 1252
233 2013
948 951
1576 2280
1286 1290
851 855
1617 3931
1224 2448
156 328
2073 3154
3720 3721
603 2629
1229 1230
2800 2941
1643 2278
384 2987
353 354
1148 1151
3212 3855
2193 3876
1317 1318
2969 2970
3006 3766
998 2691
1575 2675
2686 3587
3321 3322
2453 2454
48 191
1861 1862
1280 1281
1526 2836
3602 3930
1502 1503
1479 2474
477 478
609 610
665 711
1769 3448
2179 2180
630 1527
2413 3035
1530 3673
257 297
993 994
0 7
2709 3828
2545 2985
3218 3399
364 365
2150 2151
3332 3737
1667 3591
1447 2089
911 912
2697 2807
2492 2493
1626 1628
1721 2958
2862 3245
718 1736
646 766
126 2252
628 630
662 1443
614 2040
580 581
856 2015
84 307
1225 1226
290 292
1743 2140
593 1477
1946 2269
2958 3770
3261 3641
1474 1673
3699 3700
1663 1664
3739 3740
75 2101
890 891
398 399
3195 3196
2941 3520
3631 3633
2640 2832
1033 2647
442 3064
524 1352
332 333
3185 3186
2476 3927
2983 3777
1524 2837
1505 1506
1792 1793
2240 2244
2950 3491
3379 3763
1875 1876
2577 2579
2013 3078
1522 1523
2137 2139
3775 3776
819 2976
2783 3515
2164 2166
132 1007
149 155
2621 2623
523 2096
252 253
1768 2666
3746 3979
1759 3364
1389 2431
1933 1937
260 261
1457 1465
1331 2496
1486 3223
221 223
2298 2299
1458 3267
800 812
2887 2888
1769 1770
84 1413
2473 2474
218 653
2975 2976
2338 2339
2167 2173
3300 3301
739 1070
723 1787
136 1741
2347 2352
2638 2639
1461 2731
225 1870
243 1973
2260 3576
2263 3388
489 496
1345 3083
3887 3888
2744 3262
2672 2796
608 1637
1061 1067
1372 3226
1748 2207
3399 3402
54 1234
1103 1808
2155 2156
3637 3638
1096 2210
441 1503
28 497
3405 3975
807 809
698 1723
3447 3450
9 11
2801 2930
244 1881
437 3445
3487 3918
3572 3777
1120 2274
1959 3212
2083 3285
3852 3985
1359 1360
1880 3163
503 1316
204 601
3046 3756
2861 2862
624 625
3855 3945
2781 3113
1095 1826
1777 2788
537 544
3028 3287
2189 2191
2275 2277
1045 2178
1501 1660
809 815
1550 1551
1937 1938
302 303
1420 3801
840 843
3290 3291
250 2028
1492 1761
3156 3845
2786 3792
1074 3117
2426 3571
2480 3147
2074 2087
1513 2162
1660 1662
160 164
960 961
371 1744
3346 3486
1445 3647
3661 3784
2422 2424
2236 2240
1577 1589
737 738
1180 1972
1895 1896
1332 1333
3371 3882
2089 2090
1227 1228
65 888
2619 3530
1062 2190
593 595
2035 2036
3812 3956
1480 2786
686 3019
2491 3546
1881 1882
1656 2286
206 678
331 2528
3367 3368
444 445
2153 2154
1617 1618
851 854
3680 3683
1155 2340
172 562
1047 1048
3152 3153
541 1818
3681 3684
344 347
23 985
1413 1414
3111 3513
920 921
655 3305
714 1494
58 81
1814 1815
624 3868
2698 2700
2869 3169
1114 3124
2075 2078
2520 3876
5 32
1869 3146
3321 3323
3977 3978
1728 3426
159 493
2627 3928
722 3083
1850 1851
2179 2181
337 339
612 1475
2205 3367
1585 1586
2185 2186
2040 3249
119 339
2385 3716
820 823
528 3869
1253 2434
556 3251
538 3057
1169 3108
2338 3435
1420 1424
3629 3630
2408 3150
901 906
224 994
2257 2329
3808 3971
556 875
2359 3913
1532 1533
2857 3966
491 493
405 409
3482 3484
618 3191
1455 1894
1500 2805
1057 2568
2319 2835
912 1890
1767 2667
3292 3867
1392 2700
452 453
933 934
3763 3767
1661 2028
3705 3843
2954 2955
21 22
140 478
1663 1665
2162 2821
2336 3101
978 979
2154 2885
493 494
2132 3148
1315 2541
3492 3493
1118 1119
1607 2904
3740 3895
2984 2985
501 1343
1256 1258
86 831
541 736
2062 2063
1358 1359
1028 1029
1637 3751
1756 1757
83 932
3675 3686
2577 2578
2879 3735
2586 2587
725 1154
3444 3466
513 514
2723 2898
1381 1382
398 1119
2537 2539
887 919
2053 2859
770 1448
3187 3215
2621 2622
1125 1148
743 744
3499 3533
2754 2755
3447 3760
259 750
852 864
1969 3977
2566 2573
1389 2432
3153 3842
1512 1513
1408 1409
2346 3107
3324 3874
2063 2758
2620 2622
3124 3126
2756 2758
855 3234
3113 3822
3730 3931
774 1984
1099 2402
2638 2640
3985 3986
1186 1190
40 3142
3170 3171
3476 3837
199 1522
125 1868
3594 3599
387 1064
2148 2753
2293 3896
744 1835
2057 2449
599 1450
2930 2931
458 2388
857 1663
3637 3639
1021 2146
1087 1090
3753 3856
3033 3255
2213 3880
1678 2961
277 909
2246 2247
1991 1995
2497 2569
572 3743
2218 2469
55 430
3330 3517
3728 3729
683 1737
1272 3255
1562 1565
94 95
927 2581
1774 2052
1083 3668
2894 2895
755 2736
2224 2225
1308 1310
1403 2635
2861 2863
1724 3770
96 101
2312 2313
2760 2960
2156 2868
58 176
3972 3973
2153 2978
3001 3005
2866 3159
1558 2950
3012 3013
3643 3687
3487 3488
1138 1140
91 92
3757 3758
258 259
916 2092
3691 3692
1231 2421
310 957
2030 2031
1559 1560
1486 2882
821 1968
1660 1661
2461 3006
134 426
3558 3935
1871 3151
69 263
165 1309
1895 3404
394 1099
2546 3417
1403 1404
2570 2571
295 935
2883 3192
415 1077
1361 3058
1048 2171
3313 3560
231 242
2491 3551
697 2452
1459 3274
351 990
948 949
2983 3284
486 1297
3372 3687
573 1616
2613 2614
400 1655
3351 3352
1456 3404
859 3238
1053 1057
3714 3715
695 696
1595 3213
3205 3206
681 2362
1079 2254
1652 2379
2462 3017
129 417
3450 3451
820 1608
2956 3665
1357 2136
1635 3291
12 293
404 405
1223 2430
3036 3037
1825 1830
2598 2601
3799 3801
2648 2951
462 2942
763 823
2789 3689
2029 2030
1768 3622
280 880
1613 2971
3505 3506
2714 3179
509 3300
3629 3631
2879 3557
562 1385
3237 3238
1202 1336
214 1060
3511 3514
1431 2676
345 346
3469 3470
173 2612
976 977
1886 3270
491 492
3482 3483
3 4
1355 2112
1767 2668
215 1268
1042 1209
1912 2841
3483 3564
3566 3925
2481 2482
564 565
2076 3275
245 1990
317 2119
1404 2643
557 614
942 943
3826 3827
2357 3446
2717 3178
3556 3557
2222 2911
629 3676
714 1751
2466 2468
1564 3555
3287 3288
1189 3076
549 738
1144 1755
3053 3098
402 434
3189 3216
3783 3973
1542 1559
796 2367
1131 1780
356 357
2864 3160
2142 2143
3852 3853
359 2430
3208 3942
3106 3784
2117 2118
2093 3636
3627 3812
2977 3776
401 402
1857 3498
113 336
38 185
1339 3559
1924 1925
1898 2512
1910 1911
3106 3107
1212 1464
3457 3942
3 120
59 63
3881 3882
3937 3938
1849 2488
140 1282
575 1330
2847 3174
539 555
1241 1243
293 520
1788 1789
607 1528
3014 3794
1553 3723
227 3125
3169 3849
1477 2416
769 1903
183 559
246 1412
70 282
1791 3007
2 21
3275 3277
2729 3522
1690 1936
100 321
334 977
1714 2729
1956 1957
1302 3145
2710 2782
875 876
2249 2251
272 1349
2412 2414
832 833
3872 3996
268 898
3793 3981
795 3453
2639 3619
2222 2223
3165 3166
3767 3899
1434 1435
1379 2271
846 2001
3058 3357
838 839
1207 2488
3301 3302
379 444
1373 3048
3045 3047
3128 3129
1920 1921
816 817
2967 2968
1272 3254
272 273
3671 3672
2872 2873
265 897
797 1541
655 656
1380 3591
2168 2169
3926 3927
305 309
1408 2636
1754 3031
2383 3482
503 2221
1265 1834
1633 3266
2846 2897
2358 3461
1080 1081
3452 3908
648 1960
353 989
2147 2148
3364 3365
171 3315
2856 2857
1347 1348
2771 3899
2219 2244
2247 3380
1943 1944
3650 3651
1336 2572
1696 3791
3188 3189
1102 3994
3228 3229
2388 2859
877 878
3511 3959
811 812
988 991
3889 3891
1436 1573
1484 3398
3137 3138
1998 1999
852 857
1850 2872
1053 1058
3111 3656
881 933
815 3220
1547 1965
127 1135
3806 3907
200 600
504 2549
1247 1249
3443 3508
2707 2708
2064 2065
1151 1152
2359 2360
779 3205
444 1216
3906 3955
429 2358
3127 3189
612 1473
420 427
3334 3335
763 822
568 569
44 45
423 1698
3709 3710
2243 2542
3505 3507
507 509
3422 3534
1038 2396
696 3096
3436 3437
1600 3069
2735 2740
1563 1962
1202 1337
2496 2568
431 1191
2634 2650
345 347
330 331
767 1884
2585 2586
448 599
2366 2367
698 2685
1358 2323
2481 2483
830 3047
564 566
1449 2894
394 3619
459 460
3044 3246
2130 2680
1455 1456
2954 2957
112 886
71 523
323 324
2466 2467
2575 2726
2350 2351
954 960
3344 3742
12 280
501 1348
1285 1289
1482 2300
2314 3379
2058 2062
1131 1781
3386 3762
3402 3934
3072 3488
1738 3075
2254 2479
2976 3843
36 490
3652 3825
1702 2605
2269 2505
250 860
1036 1038
1145 1756
3379 3901
2137 2138
2485 3500
195 224
781 782
27 331
3938 3941
1378 1741
3061 3473
2311 3410
787 1733
1301 3044
3937 3939
3183 3185
1596 2899
1644 3540
1852 2159
456 2151
3597 3598
542 1816
909 915
545 552
2960 3073
659 660
3043 3044
141 611
1346 3084
2937 3048
3315 3316
1130 1649
2302 2303
1575 1583
2778 3475
100 320
2671 3068
576 1423
35 1345
1504 3271
2297 2298
1797 1799
1244 2445
2520 3358
69 277
2249 2250
832 834
2025 3241
1757 2519
640 746
215 2608
2716 3403
1209 1210
807 810
117 337
1207 2487
168 169
233 1957
89 92
2604 2619
2245 3122
900 911
951 1917
429 1175
1015 2137
311 2126
18 881
1264 1706
1384 2602
3394 3395
503 1317
116 119
609 1216
3867 3868
1922 1923
152 153
1238 1239
1301 2594
593 1476
3001 3003
3049 3628
1860 2434
1440 2684
240 1974
1580 3738
1882 1976
102 103
3798 3887
258 261
2279 3165
390 998
49 917
281 282
3533 3534
201 3297
963 970
328 2129
1684 2720
104 108
2058 2757
15 279
3519 3816
549 1369
2024 2025
591 1687
3914 3915
518 1341
3336 3337
468 469
294 934
1426 2665
1596 1879
758 1860
203 2992
2001 2003
1117 1120
237 238
1973 1974
244 1648
83 308
3283 3693
3029 3795
3317 3561
3799 3916
22 3727
2000 2006
418 1140
3646 3688
3240 3241
1283 1284
1818 2200
882 1031
110 978
652 941
633 2844
1643 2282
49 590
2677 2678
3109 3391
1314 2470
1840 1872
2391 2950
3532 3866
2599 3597
2069 2070
3078 3080
257 879
2265 2266
1591 2875
680 1682
1863 1864
2143 2449
1467 3710
1898 1899
705 2136
568 570
192 1571
1713 3097
1563 2517
1498 1653
126 1106
2656 3345
3512 3652
1290 3411
455 1235
125 1132
2748 3678
1603 3190
792 1958
1329 2664
1383 1773
3436 3440
2663 3037
2714 2715
2850 2851
1203 1205
1677 2963
3469 3472
91 984
1086 1333
3314 3562
497 1739
1532 1538
1651 1973
2909 2910
567 2697
64 976
2287 2288
3342 3490
1097 2408
22 868
1449 2893
435 2377
1463 3677
3826 3828
1132 1133
3515 3745
1079 2205
2389 3775
3217 3218
2021 2022
249 847
2400 2401
2350 2352
1069 1368
2135 3875
1775 1776
3954 3987
2728 2729
3518 3815
2868 3737
3270 3843
1483 1505
54 3837
2050 3190
1709 3014
3463 3464
193 574
1059 1277
682 1270
2438 2439
1768 3209
3396 3858
1143 2053
3569 3821
2977 2978
2087 2896
1803 1804
3768 3796
1261 2614
3061 3474
49 51
3737 3738
2533 2534
1359 2324
737 1371
2083 3293
1054 1084
3183 3184
2008 2010
17 2525
2423 2424
2021 3247
252 873
2828 3345
1365 3558
2390 3491
3021 3282
1794 3017
1027 1854
1797 1800
3181 3630
1725 1726
3619 3620
101 102
187 3841
2898 2900
1279 1333
1428 1429
377 378
2163 2164
1061 1071
2165 2166
939 940
3396 3955
2438 2698
1111 2261
3281 3868
1248 1442
962 965
660 2146
1622 2413
2257 2259
1518 3793
3356 3587
1693 3467
1499 1500
884 2216
2733 3647
1372 1989
1350 3626
1895 3171
2926 2928
286 287
3713 3714
3972 3976
669 1224
1485 2787
3296 3297
308 309
2414 3496
2969 3168
3593 3594
2972 2973
3533 3535
987 2808
1684 2719
1689 1690
1396 1447
379 2164
1579 1580
2054 2055
55 2302
763 764
1174 2353
60 177
2590 2591
3741 3742
1080 2204
358 360
2980 3309
1963 3555
247 830
1790 1803
2001 2002
623 3295
1954 1956
1398 1478
1711 2659
1354 2102
572 2086
2199 2201
3283 3694
380 2824
826 1188
1306 2579
2000 3863
824 3706
561 1381
1800 1802
2763 3104
141 1280
1686 2999
1835 1837
358 999
1643 2283
1889 3176
2712 3661
1314 2469
3548 3549
1789 1904
2138 2140
3615 3618
465 2548
2641 3420
1099 2735
3016 3094
2965 3847
3177 3494
1949 3207
3068 3343
1386 1387
2953 2990
2806 2931
1774 2486
1432 1433
775 947
636 2993
3861 3862
1891 2940
456 1238
3484 3563
3410 3412
3962 3983
937 2113
1738 3041
2828 3486
2736 2738
1820 3099
210 686
827 2660
1341 3560
3702 3703
591 1445
267 903
901 902
1357 2920
2579 2580
2459 2460
2234 2235
1500 2801
451 2420
492 496
121 354
1809 1810
74 926
3208 3623
1950 1951
467 1082
2064 2407
301 1261
3226 3573
